0.449924	0.880106	0.151599
0.032703	0.503706	0.863256
-0.475049	0.140464	0.868676
-0.48779	0.177244	0.854778
0.040031	-0.156653	0.986842
0.755293	-0.264592	0.599603
0.966707	-0.196104	0.164381
0.760781	0.414236	0.49962
-0.127713	0.218713	0.967396
-0.175986	0.0354787	0.983753
-0.255012	-0.298783	0.919618
0.322119	-0.733544	0.598458
0.735377	-0.635738	-0.234644
0.805619	0.322064	-0.497246
0.623386	0.650612	0.433699
0.232114	0.217419	0.948078
0.00964176	-0.0106415	0.999897
-0.0788217	-0.118862	0.989777
-0.256446	-0.0126748	0.966475
0.415791	-0.606263	0.677911
0.92732	-0.362061	-0.0948072
0.813274	0.557469	0.166776
0.291195	0.472319	0.831937
-0.155408	0.283409	0.946323
-0.0774647	-0.0538222	0.995541
0.110648	-0.522296	0.845556
0.773713	-0.628171	0.0822794
0.842744	0.000735506	-0.538314
0.724243	0.689539	0.00288532
0.250128	0.564655	0.786512
-0.201941	0.181766	0.962383
-0.122977	0.0506719	0.991115
-0.222977	-0.255791	0.940666
0.118858	-0.900558	0.418171
0.406638	-0.545275	-0.733021
0.469954	0.466864	-0.749121
-0.297497	0.938117	-0.177293
0.0755217	0.74317	0.664827
-0.125598	0.212781	0.968994
-0.160825	-0.129883	0.9784
0.0593994	-0.507057	0.859863
0.553212	-0.627065	-0.548403
0.433824	0.259375	-0.862857
0.459344	0.874873	-0.153627
0.120311	0.532962	0.837542
-0.000208719	0.0109565	0.99994
0.0117956	-0.2425	0.97008
-0.2874	-0.871365	0.397648
-0.176469	-0.67696	-0.714551
0.124384	0.296903	-0.946772
0.193814	0.980909	-0.0159468
0.160333	0.51422	0.842538
0.134357	0.110212	0.984785
0.175486	-0.22876	0.957535
-0.0448464	-0.609109	0.791817
0.506821	-0.853134	-0.123672
0.370397	0.0645292	-0.92663
0.358597	0.775719	-0.519295
0.212512	0.766625	0.605909
0.00542977	0.320383	0.947272
0.0466246	0.0168514	0.99877
0.104713	-0.435361	0.894146
-0.00658189	-0.825425	-0.564474
0.114741	-0.0604484	-0.991555
0.237873	0.871859	-0.428111
0.0864833	0.786448	0.611572
-0.0334778	0.24959	0.967773
-0.108116	0.0931479	0.989765
-0.0462417	-0.222619	0.973808
-0.384007	-0.768485	0.511829
-0.512083	-0.746944	-0.424082
-0.564624	0.239006	-0.789985
-0.582543	0.346125	0.735419
-0.402251	0.100964	0.909945
0.117669	0.0504265	0.991772
0.0756281	-0.233903	0.969314
-0.0149848	-0.570306	0.821296
-0.308721	-0.711736	-0.630971
-0.46719	0.279418	-0.838844
-0.438883	0.897902	0.0339688
-0.0197118	0.499498	0.866091
0.0551941	-0.0726417	0.99583
-0.0186686	0.0168288	0.999684
-0.317006	-0.502005	0.804673
-0.832511	-0.553431	-0.0253029
-0.798889	0.408455	-0.441521
-0.423049	0.763258	0.488331
0.179821	0.255802	0.949858
0.290399	-0.157039	0.943932
0.266541	-0.202923	0.94222
0.0423919	-0.430054	0.901807
-0.443882	-0.80774	-0.387975
-0.766972	0.127537	-0.628878
-0.751697	0.653763	-0.0868617
-0.343416	0.248878	0.905608
0.242476	0.0689229	0.967706
0.474494	-0.0380931	0.879434
0.126957	-0.502639	0.855123
-0.698918	-0.645897	0.307134
-0.837278	-0.139646	-0.528644
-0.711494	0.702683	0.00373138
0.0714604	0.526948	0.846888
0.290198	0.142003	0.946372
0.406128	-0.0574767	0.912007
0.195045	-0.12892	0.972285
-0.403096	-0.376986	0.833904
-0.856396	-0.438774	0.272145
-0.979009	0.102629	0.176095
-0.0564906	0.0974209	0.993639
0.465226	-0.065832	0.88274
0.543779	0.171645	0.821488
0.513433	0.0279321	0.857675
0.095071	-0.277596	0.955982
-0.821993	-0.534353	0.196965
-0.982716	0.0363121	0.181525
-0.593095	0.293302	0.749808
0.0493059	0.096508	0.99411
0.633892	-0.0193685	0.773179
0.578952	-0.089972	0.810383
0.149189	0.202759	0.967797
-0.257281	-0.0710581	0.963721
-0.67798	-0.00816375	0.735035
-0.385333	0.077824	0.91949
0.372904	-0.217473	0.902025
0.903848	-0.245112	0.350683
0.768752	0.219379	0.600744
0.174308	0.0656697	0.982499
-0.893531	-0.143914	0.425312
-0.850074	0.259067	0.458539
-0.385051	0.183373	0.904494
0.231785	-0.379863	0.895533
0.782275	-0.588897	0.203094
0.908066	0.361842	0.210915
0.376611	0.427902	0.821623
-0.32638	0.135931	0.935414
-0.69612	0.172057	0.697003
-0.298167	0.0665295	0.952192
0.186749	-0.222124	0.956967
0.745932	-0.325678	0.580964
0.946048	0.174086	0.273289
0.383912	0.476177	0.791118
-0.0994497	-0.0776568	0.992008
-0.284535	-0.055699	0.957046
-0.448277	-0.158711	0.879692
0.109714	-0.0595455	0.992178
0.839145	-0.436344	0.324715
0.980493	0.109374	-0.163311
0.713795	0.698983	0.0438118
0.0912083	0.36543	0.92636
-0.244727	-0.443806	0.862058
-0.356623	0.0902088	0.929883
-0.164899	-0.182688	0.969244
0.288907	-0.57908	0.762364
0.803849	-0.555844	0.211812
0.994012	0.0369423	-0.102834
0.507017	0.594722	0.623891
0.242391	0.0620234	0.968194
-0.0383336	0.134191	0.990214
0.0651404	-0.199617	0.977706
0.295995	-0.886888	0.354707
0.427498	-0.526453	-0.73491
0.514142	0.417046	-0.749487
0.242603	0.885896	0.395388
-0.244899	0.266629	0.932166
-0.195188	-0.104583	0.975174
-0.0595196	-0.212681	0.975307
0.27565	-0.844547	0.459083
0.319422	-0.65302	-0.686683
0.265584	0.483151	-0.834284
-0.0941432	0.957972	0.270974
-0.102792	0.403661	0.909116
-0.315023	0.0214311	0.948842
-0.0148214	-0.0655947	0.997736
0.34017	-0.821938	0.456839
0.572472	-0.621488	-0.534816
0.462118	0.294439	-0.836512
0.370763	0.926173	-0.0688388
0.22925	0.46382	0.855754
0.0558956	0.116475	0.99162
-0.1233	-0.140974	0.982305
0.177188	-0.430774	0.884894
0.154306	-0.94199	-0.298069
0.0339064	0.0801114	-0.996209
-0.11394	0.815977	-0.566745
0.0343278	0.664042	0.746907
-0.229616	0.0637464	0.971192
-0.00225341	-0.373424	0.927658
-0.126423	-0.338498	0.932436
0.0725408	-0.713579	0.696809
0.227181	-0.794232	-0.563546
0.000333852	0.108715	-0.994073
0.163841	0.965539	-0.202212
0.221869	0.446894	0.866637
0.18873	-0.0617058	0.980088
0.18915	-0.327438	0.925747
-0.0854999	-0.899845	0.427748
-0.471977	-0.763113	-0.441471
-0.621559	0.305309	-0.721423
-0.390775	0.855313	0.340198
-0.152851	0.216041	0.964346
-0.00266726	-0.0248142	0.999689
0.0771473	-0.269577	0.959884
0.0182304	-0.827194	0.56162
-0.533989	-0.626872	-0.567351
-0.745562	0.344856	-0.570273
-0.250327	0.795046	0.552484
0.269816	0.134924	0.953412
0.410405	-0.00367002	0.911896
0.398182	-0.112418	0.910392
0.0399676	-0.878347	0.476349
-0.463445	-0.729948	-0.502389
-0.469222	0.320834	-0.822737
-0.548567	0.836069	-0.007901
-0.114601	0.63584	0.763265
0.191759	0.0495699	0.980189
0.0143366	0.124042	0.992173
0.138769	-0.520086	0.842766
-0.544119	-0.771871	0.328863
-0.78296	0.0143515	-0.621906
-0.56724	0.681236	0.462769
0.108427	0.303284	0.946711
0.287876	0.114201	0.950834
0.431045	-0.0150039	0.902206
-0.0765186	-0.0310303	0.996585
-0.151982	-0.535199	0.830941
-0.37991	-0.838329	-0.390989
-0.751952	-0.0337157	-0.658356
-0.514064	0.857751	-0.00102494
-0.0194282	0.622154	0.782654
0.304341	-0.044682	0.951515
0.444673	-0.0292547	0.895215
-0.0166055	-0.256266	0.966464
-0.780743	-0.352415	0.515988
-0.876043	0.0579722	0.478737
-0.340395	0.205612	0.917527
0.346133	-0.171972	0.922289
0.700321	-0.0990044	0.706929
0.292222	-0.043943	0.95534
-0.0740869	-0.283652	0.956061
-0.754594	-0.375545	0.538103
-0.800351	0.0720528	0.595186
-0.396403	0.193584	0.897435
0.267206	-0.437498	0.858602
0.918936	-0.376183	0.118503
0.739104	0.43148	0.517253
-0.0346475	0.0700724	0.99694
-0.803817	-0.147583	0.576279
-0.932013	-0.0114073	0.362246
-0.467727	0.424499	0.775263
0.0364739	0.0744634	0.996556
0.565643	-0.0287003	0.824151
0.566231	-0.0935983	0.818915
0.539904	0.650708	0.533931
-0.407554	0.267337	0.873173
-0.766752	0.0539052	0.639676
-0.161765	0.0304572	0.986359
0.564548	-0.501338	0.655703
0.982123	-0.185872	0.0297653
0.805619	0.32375	0.496149
0.112736	0.490549	0.86409
-0.0206879	-0.0843042	0.996225
-0.58084	-0.36949	0.725329
-0.825051	0.00285296	0.565051
-0.567475	0.111966	0.815743
-0.0527149	-0.152242	0.986936
0.817078	-0.407347	0.407985
0.850206	0.324961	0.414186
0.261776	0.565481	0.782116
-0.146511	0.158187	0.976479
-0.243167	-0.140845	0.959704
-0.0850858	-0.432609	0.897558
0.533098	-0.785975	0.313128
0.913847	0.178629	-0.364659
0.764545	0.552303	0.332314
0.313623	0.333818	0.888935
-0.344424	-0.137617	0.928673
-0.189195	-0.0853075	0.978227
0.118384	-0.252104	0.960432
0.304926	-0.811753	0.498074
0.351487	-0.515121	-0.781733
0.464645	0.72508	-0.508296
-0.0131378	0.715466	0.698524
-0.116803	0.119597	0.985928
-0.150413	-0.00551924	0.988608
0.043459	-0.088566	0.995122
0.552576	-0.546326	0.629435
0.94534	-0.323133	0.0437842
0.91293	0.381778	-0.144233
-0.102922	0.941205	0.321777
-0.167907	0.144465	0.97516
-0.325661	-0.0623933	0.943426
-0.0652906	-0.39985	0.914252
0.0583596	-0.929701	0.363662
0.341197	-0.570819	-0.746827
0.418979	0.492388	-0.762896
0.0171197	0.843551	0.536776
-0.039817	0.290857	0.955938
-0.0228678	0.0650495	0.99762
0.0955239	-0.176192	0.97971
0.0215245	-0.0436744	0.998814
0.216814	-0.62914	0.746442
0.425242	-0.814336	-0.395002
0.449575	0.356787	-0.818893
0.209716	0.914226	0.346712
0.10468	0.298559	0.948633
-0.00316556	0.000733421	0.999995
-0.19039	-0.31344	0.930326
0.0902771	-0.988937	-0.117704
0.0142173	-0.211335	-0.97731
0.0393641	0.739122	-0.67242
0.138086	0.802345	0.580667
-0.050961	0.26631	0.962539
-0.0650308	-0.0900151	0.993815
0.0620138	-0.405944	0.911792
-0.0929999	-0.978812	0.182421
-0.284496	-0.244558	-0.926959
-0.105071	0.684903	-0.721019
-0.127136	0.830403	0.542465
-0.130388	0.271473	0.953573
-0.009584	0.136254	0.990628
0.160893	-0.206605	0.965105
0.335793	-0.941152	0.0384149
0.609034	-0.188979	-0.770302
0.311337	0.678343	-0.665523
-0.327556	0.741298	0.585819
-0.0521096	0.222	0.973653
0.0304733	-0.0322135	0.999016
-0.112006	-0.350924	0.929681
-0.470355	-0.726066	0.501591
-0.656738	-0.274824	-0.702259
-0.530065	0.710732	-0.462485
-0.116593	0.926487	0.35781
0.0706053	0.0967945	0.992797
0.48185	0.00253965	0.87625
0.55789	0.122111	0.820882
0.174473	-0.245498	0.953567
-0.191074	-0.725292	0.661394
-0.748871	-0.55688	-0.359272
-0.551925	0.246912	-0.7965
-0.385994	0.9112	0.143954
0.00733065	0.273379	0.961879
0.049452	-0.0476185	0.997641
0.169331	-0.246314	0.954283
-0.461954	-0.723126	0.513504
-0.830864	-0.19517	-0.521128
-0.785627	0.618698	-0.00179519
-0.0140329	0.477561	0.878486
0.308034	-0.101961	0.945896
0.408476	-0.0260485	0.912397
0.210579	0.0885233	0.97356
-0.434929	-0.574541	0.693353
-0.886508	-0.453676	0.0910007
-0.932737	0.327704	0.150375
-0.253381	0.596758	0.761366
0.0112692	0.206515	0.978379
0.168563	-0.206529	0.963811
-0.0783818	-0.496293	0.864609
-0.427965	-0.903226	0.0320741
-0.206321	-0.275558	-0.938882
-0.208032	0.685417	-0.697801
-0.1423	0.307935	0.940706
0.240143	-0.0473055	0.969584
0.186581	-0.0305892	0.981963
0.176369	-0.0337801	0.983744
-0.309525	-0.29251	0.904783
-0.812143	-0.0969173	0.575352
-0.813085	0.204947	0.544876
-0.257754	0.237175	0.936649
0.178025	-0.492854	0.851705
0.771134	-0.325159	0.547379
0.987311	0.158315	-0.0123421
0.498558	0.521387	0.692528
-0.109421	0.0325547	0.993462
-0.647628	-0.46034	0.607178
-0.87905	0.0899174	0.468172
-0.589633	0.401511	0.7008
0.25469	0.107736	0.961003
0.657992	-0.118025	0.743718
0.495622	0.110515	0.861479
0.0853839	0.0731758	0.993657
-0.573154	-0.0814652	0.815388
-0.538074	-0.132154	0.832473
-0.102287	-0.180057	0.978323
0.838966	-0.422305	0.343212
0.994507	-0.0348355	-0.0987012
0.724326	0.660198	0.19872
0.0510591	0.462667	0.88506
-0.459195	0.0814729	0.884591
-0.518128	0.0651198	0.85282
0.0665048	-0.37956	0.922774
0.686986	-0.119137	0.716838
0.65566	0.125912	0.744484
0.303714	-0.0467825	0.951614
-0.322809	-0.35504	0.877349
-0.939624	-0.273507	0.205672
-0.80026	0.571736	0.180836
0.321193	-0.182324	0.929297
0.824589	-0.269153	0.497603
0.849506	0.252565	0.463196
0.518696	0.40384	0.75357
-0.264449	0.106068	0.958549
-0.117032	0.151995	0.981428
-0.0298091	0.113523	0.993088
-0.0225015	-0.0726315	0.997105
0.104074	-0.675452	0.730022
0.323606	-0.83152	-0.451501
0.432744	0.174104	-0.884546
0.375813	0.923925	0.0716085
0.147009	0.288911	0.946001
-0.145018	-0.214025	0.966004
-0.340455	0.0181281	0.940086
-0.12104	-0.247296	0.96135
0.616761	-0.747152	0.247731
0.854517	-0.225874	-0.467741
0.873742	0.363512	-0.323162
0.426059	0.733576	0.529472
0.0188654	0.155603	0.987639
0.00510413	-0.185067	0.982713
-0.129384	-0.55232	0.82353
-0.134316	-0.839434	-0.526601
-0.015705	-0.222589	-0.974786
0.0322864	0.907148	-0.419571
-0.0706581	0.683752	0.726285
-0.0792447	0.11838	0.989801
-0.0422408	-0.149335	0.987884
0.402344	-0.572055	0.714753
0.954354	-0.287181	0.08207
0.944779	0.320114	-0.0701447
0.652315	0.575628	0.493089
0.0623533	0.235682	0.969828
-0.440045	-0.133717	0.887964
-0.266835	0.00785021	0.96371
0.33446	-0.846049	0.415136
0.554673	-0.500908	-0.664401
0.560158	0.384185	-0.733911
0.240622	0.952344	0.187461
0.00396641	0.402532	0.915397
-0.00142329	0.0286614	0.999588
-0.0729738	0.063049	0.995339
-0.0260422	-0.171425	0.984853
-0.155977	-0.862329	0.481727
-0.540648	-0.757714	-0.365471
-0.365454	0.379101	-0.850133
-0.348445	0.936972	-0.0258847
0.000712774	0.484121	0.875001
-0.00573266	0.00581824	0.999967
-0.0254853	-0.208542	0.977681
-0.0108215	-0.637157	0.770658
-0.13599	-0.95394	-0.267403
0.0526035	-0.350959	-0.934912
-0.226749	0.766347	-0.60108
-0.0340273	0.906331	0.421196
0.200855	0.338778	0.919177
0.136769	-0.0446148	0.989598
0.104493	-0.448597	0.887604
-0.712456	-0.618608	0.331257
-0.921877	-0.0901081	-0.376861
-0.595194	0.737396	-0.319361
-0.156194	0.495013	0.854731
0.0266782	0.0290804	0.999221
0.0367734	-0.403086	0.914423
0.139209	-0.903919	0.404415
0.0487651	-0.761112	-0.646784
0.206602	0.205502	-0.956601
0.172691	0.984976	-0.000692912
0.018665	0.333118	0.9427
0.0373865	0.0283393	0.998899
0.0825257	-0.292321	0.952753
-0.334157	-0.903878	0.267101
-0.582059	-0.402229	-0.706696
-0.455014	0.525347	-0.719008
-0.318149	0.863975	0.390292
-0.119325	0.313322	0.94212
0.476141	-0.0896418	0.874788
0.593359	0.0704521	0.801849
0.230554	0.104574	0.967424
-0.16145	-0.414189	0.895757
-0.627687	-0.393575	0.671646
-0.92294	0.263452	0.280668
-0.414101	0.488596	0.767981
-0.0172563	-0.0204708	0.999642
0.622475	-0.0398031	0.781627
0.399265	0.159296	0.902891
0.117752	-0.299259	0.946878
-0.440572	-0.754946	0.48575
-0.823269	-0.141364	-0.549767
-0.719883	0.673452	0.168022
-0.399719	0.477048	0.78272
0.406846	-0.164454	0.898572
0.664794	0.137281	0.734304
0.577766	0.307884	0.755906
-0.202896	0.0147348	0.979089
-0.634683	-0.0147145	0.772632
-0.592465	0.1406	0.793232
0.132969	0.239509	0.961746
0.205853	-0.172965	0.963176
-0.0475162	-0.0810252	0.995579
-0.356136	-0.61449	0.703967
-0.63226	-0.711311	-0.307057
-0.68368	0.456623	-0.569277
-0.283849	0.92339	0.258421
0.166799	0.578527	0.798426
0.148364	0.0229786	0.988666
0.0867977	-0.231356	0.968989
-0.344353	-0.391356	0.853382
-0.972678	-0.114137	0.202163
-0.844939	0.26697	0.46347
-0.55652	-0.0585909	0.828766
0.16957	-0.36746	0.91445
0.763709	-0.644807	-0.0311841
0.940766	0.139852	-0.30887
0.803119	0.540941	0.249763
0.269057	0.374621	0.887281
-0.120562	-0.0195163	0.992514
-0.286573	0.0495819	0.956774
-0.177901	0.0157596	0.983922
0.503856	-0.633109	0.587624
0.96905	-0.169228	-0.179734
0.802267	0.504259	0.319517
0.144563	0.313401	0.938553
-0.386375	-0.247983	0.88838
-0.823021	0.0812881	0.562165
-0.483803	0.101783	0.869238
0.0181581	-0.167684	0.985674
0.690906	-0.720646	0.0576082
0.939573	0.0767518	-0.333635
0.692968	0.705776	0.147225
0.14055	0.36812	0.919094
-0.0282935	-0.0642616	0.997532
0.057691	-0.143318	0.987994
0.694158	-0.29779	0.655336
0.873738	0.27595	0.400542
0.529391	0.311722	0.789034
-0.0419743	-0.0279043	0.998729
-0.691149	-0.311361	0.652202
-0.809932	0.282412	0.514055
-0.413727	0.379934	0.827333
0.25056	0.00222821	0.968099
0.436708	0.0106527	0.89954
0.296474	-0.0273212	0.95465
0.199148	0.378858	0.903773
-0.314372	0.128329	0.940586
-0.27393	0.0629631	0.959686
-0.159934	-0.276492	0.947615
0.0902557	-0.744368	0.661642
-0.129165	-0.930755	-0.342069
0.147966	-0.0173261	-0.988841
0.423808	0.753228	-0.503025
-0.0336706	0.888942	0.456781
-0.1059	0.0536131	0.99293
0.0852237	0.0746448	0.993562
-0.0274847	-0.313358	0.949237
-0.0975601	-0.950037	-0.296501
-0.179584	-0.339472	-0.923314
0.389697	0.59476	-0.703133
0.214561	0.703943	0.677073
0.0499463	0.334824	0.940956
-0.0810621	-0.0199484	0.996509
-0.21716	-0.237489	0.946805
0.114573	-0.781549	0.613232
0.19172	-0.792405	-0.579084
0.0910352	0.0250474	-0.995533
-0.165404	0.885283	-0.434644
0.0280647	0.647813	0.761282
0.144328	0.0262043	0.989183
0.251516	-0.650439	0.716707
0.574143	-0.757701	-0.310239
0.850789	0.248372	-0.463108
0.677952	0.727411	0.106084
0.163251	0.651507	0.74087
-0.20097	0.100775	0.9744
-0.434872	0.0494588	0.899133
0.0323172	-0.214228	0.976249
0.75859	-0.542147	0.361412
0.95529	0.0124209	-0.29541
0.753102	0.621471	0.215896
0.175952	0.654001	0.735747
0.114394	0.141664	0.983283
0.339976	-0.0182482	0.940257
0.19025	-0.183132	0.964504
0.0913348	-0.649169	0.755141
-0.542574	-0.839007	-0.0409877
-0.635108	-0.358409	-0.684238
-0.540118	0.619521	-0.569619
-0.208349	0.63264	0.745893
0.0355777	0.12055	0.99207
0.206102	-0.0311804	0.978034
-0.0686774	-0.347253	0.935253
-0.648243	-0.594252	0.476073
-0.948695	-0.315535	0.0203755
-0.802179	0.367638	-0.470479
-0.0556169	0.867548	0.494235
0.173286	0.209112	0.962416
0.292291	0.185321	0.938201
-0.124614	-0.0497303	0.990958
-0.203765	-0.61144	0.764605
-0.318994	-0.879686	-0.352697
-0.775313	0.335582	-0.535047
-0.583277	0.712718	0.389643
-0.0756846	0.255825	0.963756
0.120678	-0.123168	0.985021
0.0107276	-0.821414	0.570232
-0.363869	-0.717915	-0.593463
-0.127759	0.165757	-0.977856
-0.312926	0.816868	-0.484566
-0.204936	0.666979	0.716338
0.162735	0.0885738	0.982686
-0.227822	-0.101166	0.968433
-0.128062	-0.624117	0.770765
0.0528801	-0.911124	-0.408726
-0.114626	-0.227172	-0.967085
0.172935	0.849348	-0.4987
0.0972556	0.589416	0.801954
0.124891	-0.280529	0.951686
0.813044	-0.359914	0.457627
0.800208	0.320094	0.507155
0.377461	0.075299	0.922959
-0.46591	-0.214919	0.858334
-0.827331	-0.271508	0.491738
-0.732229	0.158289	0.662409
-0.00994476	-0.0760934	0.997051
0.649277	-0.139853	0.747584
0.883411	0.0516395	0.465746
0.582236	0.0627296	0.810597
-0.210464	0.102776	0.972184
-0.52653	0.0332769	0.849505
-0.622965	0.201135	0.755949
-0.0441594	-0.144349	0.988541
0.612539	-0.387612	0.688877
0.996872	0.0759122	0.0219703
0.375074	0.352621	0.857309
-0.269212	-0.31837	0.908937
-0.8731	-0.277682	0.400736
-0.809745	0.00460927	0.586764
-0.287505	0.241664	0.92679
0.419383	-0.164397	0.8928
0.625796	-0.108389	0.772419
0.0417351	-0.400324	0.915423
-0.777791	-0.574041	0.255963
-0.987856	0.0189887	0.154206
-0.667566	0.612075	0.423934
0.115057	0.176271	0.977594
0.402881	-0.0371253	0.914499
0.437991	-0.0227642	0.898691
0.0726934	-0.223312	0.972033
-0.553821	-0.792506	0.255374
-0.835676	-0.150052	-0.528328
-0.757382	0.648643	-0.0750629
0.0287108	-0.255031	0.966507
0.386935	-0.828955	0.403874
0.755317	-0.32007	-0.571885
0.764076	0.537409	-0.356902
0.226454	0.907536	0.353691
-0.164591	0.342425	0.925016
-0.0777677	0.260006	0.96247
0.0590671	-0.0278953	0.997864
0.191477	-0.486127	0.852653
0.899557	-0.416491	-0.13165
0.824122	0.150718	-0.545992
0.505889	0.812685	0.289171
0.0943362	0.298178	0.949837
-0.0691043	0.0346983	0.997006
-0.0448017	-0.116472	0.992183
0.0312072	-0.78147	0.623162
0.499197	-0.765764	-0.405473
0.487647	0.290341	-0.823348
0.42492	0.813893	0.396258
-0.140606	0.196773	0.970315
-0.331193	0.111047	0.937006
-0.18466	-0.156502	0.970262
0.281369	-0.464589	0.839636
0.764875	-0.559182	0.319815
0.946165	0.266916	-0.183107
0.464305	0.601268	0.650306
-0.361452	0.142286	0.92147
-0.320594	0.0991466	0.942013
-0.204286	-0.0235305	0.978628
0.219151	-0.704202	0.675331
0.930196	-0.233838	-0.282941
0.846932	0.531607	-0.0099854
0.429593	0.548437	0.717403
-0.4222	-0.0315463	0.905954
-0.634116	0.0634008	0.770634
-0.496583	-0.00794632	0.867953
0.110685	-0.435792	0.893216
-0.403687	-0.845497	0.349532
-0.479411	-0.424256	-0.768227
-0.224619	0.452168	-0.863186
-0.0664098	0.996207	0.0562261
-0.0897384	0.421111	0.902559
-0.0479205	0.105955	0.993216
-0.076504	-0.186154	0.979538
0.0197699	-0.837684	0.545797
-0.151667	-0.795934	-0.586077
-0.255506	0.142567	-0.956238
-0.165284	0.986241	-0.0031131
-0.0035034	0.549386	0.835561
-0.0522276	-0.174927	0.983195
0.0344433	-0.144331	0.98893
-0.14889	-0.522054	0.839816
-0.52846	-0.630655	-0.568334
-0.596928	0.355724	-0.719123
-0.345352	0.933333	0.098092
-0.0807389	0.403634	0.911351
-0.0286779	0.0794999	0.996422
0.0267549	-0.215048	0.976237
0.0677641	-0.813151	0.578094
0.0114571	-0.916872	-0.399016
0.191122	0.0323752	-0.981032
0.146302	0.98412	-0.10052
-0.168754	0.44683	0.878559
0.0146884	0.09205	0.995646
0.267334	-0.24425	0.932134
-0.126172	-0.878891	0.460033
0.0525875	-0.593519	-0.8031
0.0264484	0.648219	-0.760994
0.100275	0.870148	0.482481
-0.162469	0.299619	0.940123
-0.256571	-0.105245	0.960778
0.00317761	-0.184745	0.982781
0.109201	-0.076847	0.991045
-0.379792	-0.314317	0.870036
-0.881886	-0.471417	0.00657478
-0.991036	0.109623	-0.0763532
-0.480593	0.635454	0.604342
0.0837208	0.276357	0.957402
0.371722	0.0538098	0.926783
0.248695	-0.0671325	0.966253
-0.192847	-0.310104	0.930938
-0.807721	-0.529268	0.259733
-0.994404	0.104815	0.0131986
-0.39519	0.662934	0.635879
0.280959	0.0901508	0.955476
0.272552	-0.158324	0.949025
0.308271	-0.0487546	0.950048
-0.224605	-0.246765	0.942687
-0.869572	-0.173555	0.462302
-0.949387	0.234163	0.209362
-0.5595	0.303701	0.771185
-0.00505881	0.0074267	0.99996
0.336751	-0.0895046	0.93733
0.22552	-0.05592	0.972632
-0.246944	-0.370101	0.895569
-0.696657	-0.584131	0.416485
-0.970039	0.0225112	-0.241906
-0.446352	0.875911	0.183166
-0.0354608	0.264048	0.963858
-0.0814563	-0.14514	0.986052
0.154153	0.144385	0.97744
-0.253367	-0.342374	0.904757
-0.880303	-0.454435	0.136217
-0.913609	0.293605	-0.281274
-0.0971074	0.799979	0.592118
-0.00706633	0.121486	0.992568
0.211876	-0.11504	0.970502
0.18745	-0.0396131	0.981475
0.503193	0.206646	0.839103
-0.0404199	0.150547	0.987776
-0.4562	-0.047147	0.888627
-0.409173	0.388259	0.825732
-0.101137	-0.130123	0.986326
0.413196	-0.342284	0.843867
0.911726	-0.207235	0.354697
0.857294	0.358749	0.369249
0.1369	0.298747	0.944462
-0.408191	0.105571	0.906772
-0.464021	-0.140767	0.874568
-0.198102	-0.189793	0.961631
0.603351	-0.216526	0.767518
0.887504	0.126457	0.443109
0.461618	0.246684	0.852089
0.213458	0.16401	0.963087
-0.439773	0.182769	0.879315
-0.379974	0.0914537	0.920465
-0.183266	0.107146	0.977207
0.311224	-0.437519	0.843633
0.958053	-0.0874236	0.272933
0.725928	0.412768	0.550138
-0.0426097	0.0447988	0.998087
-0.506047	-0.0335732	0.861852
-0.665253	0.03841	0.74563
-0.435785	0.0624573	0.897881
0.426986	-0.041712	0.903296
0.670537	-0.0852802	0.736958
0.671455	0.176755	0.719657
-0.00387521	0.160277	0.987064
-0.376078	-0.112885	0.919686
-0.597372	0.0967564	0.796106
-0.0792693	0.0322027	0.996333
0.526316	-0.44729	0.723135
0.897974	-0.375829	0.228899
0.980866	0.0241652	0.193179
0.509396	0.859564	0.0408015
0.231861	0.569442	0.788655
-0.0210737	0.0416435	0.99891
0.154201	-0.0366326	0.98736
0.039934	-0.478081	0.877407
0.662918	-0.745226	-0.0719589
0.635025	0.0990271	-0.766118
0.582349	0.696487	-0.419256
0.383955	0.579688	0.718707
0.0139921	0.0765242	0.99697
-0.0368811	-0.160744	0.986307
0.0838714	-0.474172	0.876428
0.662417	-0.738258	-0.127195
0.453984	0.226403	-0.861766
0.531811	0.845637	0.0455509
0.13057	0.580986	0.803372
-0.0889953	0.137945	0.986434
-0.0544323	-0.136636	0.989125
-0.00121439	-0.534445	0.845202
0.455257	-0.890156	-0.0190685
0.69716	-0.0358478	-0.716019
0.691357	0.668964	-0.272969
0.107787	0.443015	0.890011
-0.111554	0.0455445	0.992714
-0.25853	-0.041901	0.965094
0.0178852	-0.438317	0.898643
0.264755	-0.786273	0.558282
0.774849	-0.342905	-0.531061
0.884741	0.407492	-0.226238
0.381733	0.774234	0.504819
0.0422964	0.331531	0.942496
0.0242439	0.0434145	0.998763
0.134681	-0.228651	0.964147
0.00824845	-0.905756	0.423718
0.349912	-0.741531	-0.572445
0.538484	0.268973	-0.798554
-0.26591	0.926369	-0.266705
-0.0940617	0.728712	0.678329
0.163749	0.0827097	0.983029
0.0339523	-0.0160473	0.999295
-0.0148878	-0.674084	0.738504
-0.440646	-0.849412	-0.290397
-0.6359	-0.104608	-0.764649
-0.530244	0.607838	-0.591078
-0.0114197	0.871587	0.490108
0.184812	0.220798	0.95765
0.0560299	-0.297225	0.953162
-0.0395838	-0.764757	0.643102
-0.418938	-0.620843	-0.662605
-0.419215	0.290434	-0.860179
-0.360458	0.90147	0.239629
-0.00428048	0.556015	0.831161
0.0587848	0.203995	0.977205
0.171414	0.0497843	0.98394
0.0456828	-0.574705	0.817085
-0.385287	-0.922785	-0.00473981
-0.520654	-0.182587	-0.834015
-0.0645966	0.728849	-0.68162
0.190436	0.775624	0.601782
0.0894533	0.162639	0.982622
0.253136	-0.0935362	0.962898
0.133147	-0.169173	0.976551
-0.0424831	-0.859833	0.508805
-0.209595	-0.6395	-0.739669
-0.148442	0.158404	-0.976152
-0.0249225	0.997865	0.0603631
0.0463495	0.367712	0.928784
0.202187	-0.00921882	0.979304
0.0965659	-0.17341	0.980104
-0.260278	-0.472129	0.842229
-0.616849	-0.771712	-0.154784
-0.53732	0.138703	-0.831895
-0.610965	0.445508	0.654404
0.159229	0.0984609	0.98232
0.447011	-0.193478	0.873354
0.549821	0.162408	0.819342
0.220798	0.0660969	0.973077
-0.744594	-0.491938	0.451196
-0.98671	-0.0841137	0.139026
-0.85442	0.233396	0.464213
-0.217082	0.0831608	0.972605
0.324724	0.0245168	0.945491
0.352256	0.125407	0.927464
-0.0421306	-0.159564	0.986288
-0.869213	-0.443588	0.218398
-0.928273	0.37183	0.00714038
-0.414356	0.30418	0.857778
0.269323	-0.289331	0.91856
0.679381	-0.249975	0.689894
0.860944	0.203256	0.466329
0.043623	-0.0387791	0.998295
-0.63749	-0.397991	0.659704
-0.869292	-0.189183	0.456663
-0.890359	0.220165	0.398481
-0.0205641	0.297464	0.954512
0.610908	-0.199444	0.766168
0.876196	-0.117558	0.467398
0.642884	0.0527936	0.764142
0.0112463	-0.288988	0.957267
-0.87263	-0.378283	0.308901
-0.985021	0.169861	-0.0296944
-0.591675	0.552918	0.586688
0.11286	0.0279509	0.993218
0.65271	-0.385199	0.652373
0.591033	0.212707	0.778098
0.315177	-0.007748	0.949001
-0.589019	-0.268089	0.762354
-0.981196	-0.119724	0.151393
-0.261107	-0.199942	0.944376
0.304444	-0.429445	0.85023
0.760187	-0.644729	0.0802532
0.934651	0.198247	-0.295171
0.439202	0.711164	0.548951
-0.287664	0.151555	0.945664
-0.317542	0.0797592	0.944884
-0.0383576	-0.223131	0.974033
0.442525	-0.603461	0.66333
0.95905	-0.277265	0.0578583
0.869428	0.489218	-0.069005
0.224507	0.404793	0.886419
-0.233901	0.0334363	0.971685
-0.420679	-0.0166563	0.907057
-0.107351	-0.417012	0.902539
0.394873	-0.896746	0.199804
0.718321	-0.518135	-0.464275
0.564646	0.422245	-0.709143
0.184817	0.717684	0.671396
-0.207	0.235464	0.949583
-0.188476	-0.106299	0.976308
-0.177372	-0.0751126	0.981273
0.0622985	-0.718288	0.692951
0.524169	-0.768091	-0.367808
0.583569	-0.0986612	-0.806048
0.650132	0.686284	-0.326101
0.136061	0.509291	0.849771
-0.310334	0.0608543	0.948678
-0.515313	-0.0191996	0.856787
-0.272784	-0.0135443	0.96198
0.290576	-0.718743	0.631644
0.864422	-0.400217	-0.304304
0.956829	0.23959	-0.164542
0.534771	0.493717	0.685757
0.00376517	0.0640227	0.997941
-0.299069	0.0591264	0.952398
-0.198499	-0.404788	0.892606
-0.011165	-0.958288	0.285585
-0.0277208	-0.755831	-0.65418
0.171984	0.399138	-0.900617
-0.00804301	0.999599	0.0271516
-0.00399187	0.442846	0.896589
-0.0279038	-0.249484	0.967977
0.0876865	-0.580949	0.809203
0.33809	-0.941022	-0.0131368
0.402218	-0.366409	-0.839026
0.0817917	0.624108	-0.777045
0.0416656	0.889968	0.454115
0.057673	0.299023	0.952501
0.00177262	-0.034939	0.999388
-0.159632	-0.552675	0.817966
-0.257311	-0.952497	-0.162914
-0.00118876	-0.215427	-0.976519
-0.330905	0.596877	-0.730917
0.0441139	0.864527	0.500647
0.326131	0.294233	0.898368
0.227232	-0.0700001	0.971321
0.114326	-0.0528777	0.992035
-0.0294233	-0.459438	0.887722
-0.491168	-0.7973	-0.350808
-0.60747	-0.209376	-0.766252
-0.659682	0.604043	-0.44716
-0.129234	0.693156	0.709107
0.132848	-0.0660315	0.988934
-0.113351	0.0481103	0.99239
0.101656	-0.350566	0.931005
-0.0754164	-0.879423	0.470029
-0.113811	-0.554796	-0.824165
0.147821	0.304895	-0.940844
0.360507	0.93226	0.0304389
0.0737453	0.471824	0.878604
-0.0454492	-0.0467636	0.997872
-0.0766921	-0.237889	0.96826
-0.330142	-0.746358	0.577889
-0.701558	-0.643789	-0.305536
-0.754248	0.484889	-0.44271
-0.628061	0.74648	0.219787
0.156382	0.220824	0.962695
0.0675604	-0.0136525	0.997622
-0.222363	-0.429334	0.875344
-0.427932	-0.873663	0.23149
-0.569001	-0.0471891	-0.820982
-0.548104	0.745232	-0.37975
-0.223358	0.830776	0.509826
0.0667154	0.297521	0.952382
-0.0481347	0.0376184	0.998132
0.104972	-0.241381	0.964736
-0.443814	-0.769854	0.458644
-0.96024	-0.00773282	-0.27907
-0.757303	0.648381	0.0780652
-0.0352646	0.439606	0.897498
0.539874	0.054545	0.839977
0.802251	-0.0477524	0.595074
0.683949	0.0996361	0.722693
0.182123	-0.102886	0.977878
-0.671169	-0.38277	0.634838
-0.966305	0.0335809	0.2552
-0.750472	0.439382	0.493696
-0.145636	0.295612	0.944142
0.622001	0.0155718	0.782862
0.532714	-0.0509102	0.844763
0.178567	0.0455579	0.982873
-0.230311	-0.281152	0.931617
-0.75648	-0.642059	0.124495
-0.849248	0.173175	-0.498786
-0.340083	0.838877	0.425005
0.106415	0.29137	0.950673
0.283128	-0.0215934	0.958839
0.666773	0.409955	0.622375
-0.0831589	-0.0428542	0.995614
-0.618584	-0.225935	0.752534
-0.926514	0.0198194	0.375738
-0.469571	0.15789	0.868662
0.451005	-0.101604	0.886719
0.683483	0.118658	0.720258
0.0359652	0.0336532	0.998786
-0.27236	-0.681721	0.679025
-0.98128	-0.164103	0.100793
-0.893761	0.338698	0.294065
-0.193797	0.518037	0.833115
0.42781	0.0281787	0.903429
0.490974	-0.168818	0.854661
0.567961	-0.0993191	0.817041
-0.0296035	0.00851762	0.999525
-0.551875	0.0840419	0.829681
-0.48495	0.280051	0.82849
-0.138642	-0.332293	0.932931
0.564462	-0.824244	-0.0447654
0.638626	-0.269929	-0.720622
0.874451	0.429888	-0.224793
0.230566	0.489388	0.841034
-0.338892	-0.0600792	0.938905
-0.502941	0.0295564	0.863815
-0.187869	-0.130642	0.973467
0.225829	-0.518207	0.824902
0.963808	-0.233662	-0.12836
0.86987	0.493281	-0.000340719
0.285327	0.710069	0.643732
0.100885	0.0659788	0.992708
-0.539253	-0.10379	0.835724
-0.435279	-0.123911	0.891728
-0.03794	-0.191379	0.980783
0.72176	-0.295743	0.625779
0.922471	0.100408	0.372782
0.469033	0.878596	-0.089875
0.295746	0.210333	0.931823
-0.270739	-0.12686	0.954257
-0.333767	-0.00778767	0.942623
-0.128017	-0.369486	0.920376
0.868977	-0.369829	0.328794
0.961758	0.183373	-0.203461
0.618269	0.566141	0.545186
-0.0084015	0.289793	0.957052
-0.395618	0.087733	0.914215
-0.375283	0.219971	0.900431
0.123702	-0.325958	0.937256
0.709677	-0.660652	0.244739
0.992252	-0.0962349	-0.0785788
0.777805	0.593893	0.205697
0.257346	0.469367	0.84467
-0.25679	0.0747504	0.963572
-0.053412	-0.0326263	0.998039
0.00590887	-0.630233	0.776383
-0.0419651	-0.997943	0.0484607
-0.17729	-0.258304	-0.949657
0.106369	0.58892	-0.801161
0.0861551	0.953053	0.290289
-0.162897	0.0487246	0.985439
-0.17251	0.132139	0.976104
-0.138198	-0.217841	0.96615
0.0278398	-0.925489	0.377749
0.158213	-0.443188	-0.882356
-0.0798123	0.534842	-0.841174
-0.245027	0.835385	0.492031
-0.114819	0.284584	0.95175
-0.100971	-0.04423	0.993906
-0.195478	-0.0918414	0.976398
0.0738788	-0.619012	0.781899
0.282867	-0.908253	-0.308323
0.573695	0.164993	-0.802279
-0.0905683	0.978462	-0.185497
-0.015908	0.526108	0.850269
-0.198812	-0.0206108	0.979821
-0.126467	0.0142578	0.991868
-0.00678634	-0.741718	0.670678
0.207667	-0.835333	-0.509012
0.136682	0.123273	-0.982915
0.193276	0.974898	0.110532
0.0142768	0.133049	0.991007
0.0662483	-0.0168093	0.997662
-0.0463301	-0.0848787	0.995314
0.140559	-0.370202	0.918256
0.23512	-0.964525	-0.120044
0.0688196	-0.246356	-0.966733
-0.322594	0.803624	-0.500121
-0.0487464	0.665995	0.744362
-0.0642171	0.0360624	0.997284
0.123514	0.154779	0.980198
0.0753592	-0.21267	0.974214
-0.396842	-0.430372	0.810738
-0.827064	-0.517757	-0.218844
-0.846383	0.417551	-0.330584
-0.204678	0.792438	0.574586
0.124096	0.0305489	0.9918
0.052833	-0.0580186	0.996917
0.115418	-0.177401	0.977347
-0.298562	-0.814978	0.496661
-0.927706	-0.129771	-0.35003
-0.721915	0.689015	-0.0640033
-0.351684	0.587013	0.729201
-0.101765	0.249416	0.963035
0.0578394	-0.0307171	0.997853
0.242832	-0.225595	0.943472
-0.0427129	-0.688482	0.723994
-0.541534	-0.705029	-0.457902
-0.576944	0.111495	-0.809138
-0.703708	0.46734	0.535153
-0.174556	0.365513	0.914292
0.324165	-0.0193593	0.945802
0.145216	0.072391	0.986748
-0.130147	-0.425305	0.895643
-0.760448	-0.610498	-0.221384
-0.926273	0.311753	-0.211726
-0.367593	0.78485	0.498885
0.156248	0.178265	0.971498
0.210921	0.072047	0.974844
0.131576	-0.0577309	0.989624
0.0721947	-0.35698	0.931318
-0.600702	-0.759586	0.249372
-0.991497	-0.119665	-0.0511294
-0.821076	0.547966	0.159898
-0.0721112	0.632357	0.771314
0.336237	-0.108441	0.935513
0.683787	-0.150177	0.71406
0.466321	0.292856	0.834733
0.121035	-0.0254193	0.992323
-0.568335	-0.163045	0.806481
-0.586948	0.111186	0.801954
-0.188921	-0.00851857	0.981955
0.617836	-0.169041	0.767922
0.706856	-0.0146268	0.707206
0.451733	0.164628	0.876832
-0.340185	-0.158745	0.926863
-0.556422	0.00795688	0.830862
-0.495415	0.0341463	0.867985
-0.343202	-0.0574719	0.937502
0.265442	-0.0575851	0.962406
0.667128	-0.057284	0.742737
0.549297	0.0228472	0.835315
-0.178342	-0.12714	0.97572
-0.840907	-0.235444	0.48728
-0.910591	-0.00357706	0.413293
-0.323527	-0.0145918	0.946106
0.113175	-0.383539	0.916564
0.8597	-0.431233	0.273778
0.814451	0.290135	0.502484
0.141562	-0.00962055	0.989883
-0.564411	-0.20081	0.800697
-0.643305	-0.0206751	0.765331
-0.36103	-0.162177	0.918344
0.690806	-0.440542	0.573332
0.911575	-0.260652	0.317948
0.805628	0.0576828	0.589607
0.269302	0.358093	0.894005
-0.252458	-0.0253554	0.967276
-0.564652	0.0782912	0.821607
-0.605872	-0.0127735	0.79546
0.1036	-0.18188	0.977848
0.490916	-0.710822	0.50372
0.928723	-0.32721	-0.174377
0.784969	0.597511	0.163719
0.411948	0.429151	0.803821
-0.146775	-0.0321079	0.988649
-0.259118	-0.115651	0.958897
0.243056	-0.514429	0.822367
0.720389	-0.661966	-0.20698
0.518189	0.361103	-0.775297
0.174612	0.894185	0.412242
-0.0860142	0.481503	0.872213
0.036266	0.0219289	0.999102
0.0204128	-0.0592356	0.998035
0.288557	-0.448846	0.845738
0.761925	-0.646606	0.0370192
0.819036	-0.0727623	-0.569109
0.64471	0.76398	-0.0261516
0.159046	0.471495	0.867408
-0.15312	-0.0120411	0.988134
-0.332819	0.166009	0.928263
0.159644	-0.372622	0.914148
0.274825	-0.878285	0.391263
0.327964	-0.70192	-0.632256
0.471292	0.563784	-0.678256
0.169759	0.841286	0.513244
0.057376	0.144993	0.987768
-0.27988	0.0642885	0.95788
-0.238314	-0.378072	0.894577
0.0690891	-0.988934	0.131287
0.331012	-0.32697	-0.885168
0.504094	0.595489	-0.625526
0.0690854	0.819922	0.568292
-0.0458213	0.219254	0.974591
0.0579931	-0.21592	0.974687
0.0323103	-0.0656141	0.997322
0.0765342	-0.607435	0.790674
0.0790646	-0.984722	-0.155148
0.354921	-0.212117	-0.910515
-0.113407	0.82225	-0.557713
0.0686324	0.823589	0.563019
-0.0779832	0.330575	0.940552
-0.0133948	-0.191591	0.981383
0.106102	-0.876152	0.470213
-0.22261	-0.27737	-0.934618
-0.525411	0.658843	-0.538395
-0.317618	0.788295	0.526982
-0.00442092	0.2892	0.957258
0.0229162	-0.192889	0.980953
0.0954074	-0.393397	0.914405
0.0379359	-0.890489	0.453421
0.0562822	-0.79615	-0.602476
-0.241647	-0.225954	-0.943691
0.0224926	0.895231	-0.445035
-0.116093	0.808475	0.576967
0.0313797	0.127176	0.991384
0.00555592	0.00859461	0.999948
0.0198322	-0.450527	0.892542
-0.223593	-0.856476	0.465248
-0.236292	-0.595182	-0.768065
-0.344809	0.621218	-0.703701
-0.288423	0.7674	0.572634
0.0210663	0.0647427	0.99768
0.038233	-0.0637626	0.997232
-0.0589927	-0.414124	0.908307
-0.482308	-0.875293	0.0352456
-0.735735	-0.294844	-0.609722
-0.526755	0.741035	-0.416408
-0.141582	0.778194	0.611856
0.168169	0.335301	0.92698
0.141004	-0.0655602	0.987836
-0.0677038	0.0169065	0.997562
-0.226287	-0.356488	0.906482
-0.583767	-0.796484	0.15757
-0.732981	-0.407829	-0.544439
-0.779939	0.621492	-0.0737744
-0.0701995	0.615625	0.784906
0.140789	0.097033	0.985273
-0.111605	-0.0510611	0.99244
-0.486895	-0.635145	0.599603
-0.972125	-0.225557	-0.0640073
-0.831715	0.538399	0.135565
-0.236312	0.408039	0.881851
0.153417	0.0900404	0.984051
0.318688	0.125898	0.939461
-0.0572517	-0.118992	0.991243
-0.348839	-0.699015	0.624251
-0.605783	-0.735759	-0.302797
-0.942445	0.198082	-0.269372
-0.763025	0.579634	0.286039
-0.136971	0.262146	0.955258
0.343228	-0.0401245	0.938395
0.373624	0.0439681	0.926538
0.436111	0.444951	0.782193
-0.074469	-0.319362	0.944702
-0.928897	-0.36927	-0.0281205
-0.8987	0.376063	0.225645
-0.312223	0.340918	0.886731
0.339694	0.046829	0.93937
0.494595	-0.0612276	0.866964
0.0525735	-0.245975	0.967849
-0.55641	-0.14378	0.818374
-0.700659	-0.195642	0.686149
-0.774318	0.0322689	0.631974
0.235181	-0.140031	0.961811
0.556231	-0.250628	0.792334
0.720738	-0.127382	0.681403
0.397807	0.140844	0.906594
0.0400457	-0.110473	0.993072
-0.476406	-0.393625	0.786191
-0.792337	-0.219836	0.569099
-0.807811	0.381823	0.449057
-0.177756	0.326485	0.928337
0.421178	0.0125927	0.906891
0.427451	0.0829221	0.900227
0.0406204	-0.0192872	0.998988
-0.605163	0.159574	0.779945
-0.26772	0.0905645	0.959231
-0.0255662	-0.107148	0.993914
0.594352	-0.286679	0.751373
0.821462	-0.103473	0.560797
0.528576	0.226641	0.818072
-0.022686	-0.153901	0.987826
-0.680384	-0.173025	0.712137
-0.789389	0.0562061	0.611315
-0.408835	0.0842956	0.908707
0.202821	-0.23916	0.949561
0.879736	-0.265856	0.394188
0.941364	0.266846	0.206463
