0.73205	-0.527193	-0.431474
0.860668	0.506385	0.0531469
0.605368	0.333472	0.722721
-0.0477945	0.102201	0.993615
0.0194474	0.0573253	0.998166
0.622518	-0.311846	0.717791
-0.362933	-0.562878	0.742595
-0.178711	-0.529145	-0.829499
-0.33279	0.842841	-0.42293
-0.0470535	0.693932	0.718501
-0.210268	-0.0310725	0.97715
-0.0767182	-0.447887	0.890793
0.110923	-0.85035	-0.514394
0.151167	0.314071	-0.937287
0.028848	0.90731	0.419472
0.372625	0.262468	0.890091
-0.645214	0.0435773	0.762758
-0.622705	0.046272	0.781088
0.394323	-0.369402	0.841458
0.730108	-0.480258	-0.486102
0.727313	0.653978	-0.208154
-0.218339	0.511825	0.830881
0.000969371	0.0394006	0.999223
-0.319025	0.186775	0.92916
0.258904	0.112851	0.959288
0.329117	0.352032	0.876216
0.143105	0.118188	0.982625
0.0442742	-0.00183555	0.999018
-0.536414	-0.330685	0.776471
-0.414216	-0.168924	0.894366
0.106195	-0.826421	0.552948
0.681755	0.0217694	-0.731257
0.51047	0.851494	0.119912
-0.165832	0.578465	0.798672
0.378455	-0.0159644	0.925482
-0.33645	-0.86392	0.374759
-0.187094	-0.326357	-0.926546
0.0872447	0.466461	-0.880228
0.198104	0.980012	0.018223
0.456755	0.24703	0.854606
-0.111454	-0.211773	0.970943
0.230032	-0.176525	0.957039
-0.0918239	-0.0779258	0.992721
-0.995007	-0.042378	-0.0903587
-0.716923	0.586727	0.376526
-0.325277	0.160362	0.931922
-0.254445	0.0962943	0.962281
-0.0617147	-0.501709	0.862832
-0.548071	-0.825054	-0.137497
-0.725753	0.0464813	-0.686383
-0.165287	0.953811	0.250848
-0.125669	0.324047	0.937657
-0.635424	0.0109833	0.772085
0.0838251	-0.00932472	0.996437
0.624187	-0.781275	5.38534e-05
0.617845	0.119778	-0.777123
0.663576	0.731008	-0.15904
0.192203	0.693965	0.69388
0.0519297	-0.00503418	0.998638
-0.0456798	0.00234493	0.998953
0.384675	-0.400606	0.831589
0.516924	-0.634864	0.574227
0.995365	-0.0753999	-0.0596884
0.843687	0.281477	0.457125
0.411336	0.0878635	0.907239
-0.0399211	-0.161866	0.986005
0.237223	-0.884525	0.401672
-0.28388	-0.300615	-0.910518
-0.260782	0.963442	-0.0614131
0.0135848	0.828174	0.560306
0.346172	0.110137	0.931684
-0.22926	-0.763081	0.604275
-0.450908	-0.88612	0.107112
-0.852829	0.206888	-0.479458
0.0736705	0.997277	-0.00331012
-0.229333	0.873268	0.429895
0.528306	-0.265651	0.806425
0.982631	0.139044	-0.122891
0.426137	0.630525	0.648726
-0.234952	0.157677	0.959133
-0.138095	-0.0807114	0.987125
-0.407841	-0.301095	0.861979
0.518281	-0.279019	0.808414
0.344886	0.371133	0.862156
-0.425205	0.00175931	0.905095
-0.765764	-0.175958	0.618582
-0.795065	-0.0263873	0.60595
0.134106	0.20562	0.9694
-0.0981694	0.0300468	0.994716
0.264557	-0.08085	0.960975
-0.16971	-0.906741	0.38603
-0.814934	-0.214451	-0.538417
-0.148175	0.975861	0.160434
0.132078	0.370582	0.919361
0.867276	-0.0236375	0.497267
0.868428	0.0890889	0.487746
-0.000912579	-0.514649	0.857401
0.0447014	-0.996284	-0.0736238
0.0879748	-0.31038	-0.946533
0.598416	0.801016	-0.0164986
0.541463	0.643804	0.54068
0.168475	0.395063	0.903073
0.0162118	-0.243909	0.969663
-0.912514	0.393674	-0.111077
-0.646601	0.761899	0.0376432
0.110148	0.678002	0.726761
-0.18798	-0.386868	0.902772
-0.317313	-0.765535	0.559704
-0.159015	-0.592328	0.789849
-0.498139	-0.205361	0.842428
-0.685404	-0.119462	0.718297
-0.617297	-0.244302	0.747837
-0.0522126	-0.907325	-0.417175
-0.259376	-0.291419	-0.92076
-0.420377	0.875819	-0.237116
0.205128	0.371923	0.905315
-0.0821281	0.124866	0.988769
0.372985	-0.292225	0.880617
0.558587	-0.822442	-0.107567
0.685781	-0.286364	-0.669104
-0.0586252	0.805133	0.59019
-0.351646	0.153847	0.923405
-0.421672	0.0743739	0.903693
0.560771	-0.666064	0.491828
0.795215	0.050547	0.604217
0.952753	-0.138699	-0.270229
0.121317	-0.0187415	0.992437
-0.410527	0.144683	0.900297
-0.293679	0.159635	0.94248
0.212285	0.105693	0.971475
0.802768	-0.132118	0.581471
0.566191	0.794727	-0.218714
0.106901	0.0276549	0.993885
-0.356777	-0.614132	0.703955
-0.356457	-0.898127	-0.257499
-0.0507604	0.136628	-0.989321
-0.141465	0.89052	-0.43239
-0.294933	0.901845	0.315737
0.321281	-0.287834	0.902181
-0.0358496	0.0316318	0.998856
-0.606394	0.0116296	0.79508
0.414817	-0.16396	0.89501
-0.285157	-0.159486	0.945119
-0.144958	-0.411068	0.900006
0.67528	0.176598	0.716107
0.49801	-0.0323977	0.866566
-0.198537	0.00722341	0.980067
0.0638665	-0.421828	0.904424
-0.940475	-0.296124	0.166786
-0.998258	-0.0147776	0.0571198
-0.301665	0.460259	0.834961
0.755483	-0.496263	0.427747
0.473582	-0.0753918	0.877517
0.435378	-0.8547	-0.282726
0.476927	-0.34427	-0.808714
-0.679041	0.453269	-0.577451
-0.294284	0.83507	0.464816
0.219666	0.115232	0.968746
-0.0523266	-0.674136	0.736751
0.0622254	-0.859337	-0.50761
0.902198	0.201191	-0.381524
-0.341781	0.551064	0.761258
-0.373224	0.00396867	0.927733
-0.112448	0.107931	0.987778
0.0446795	-0.355935	0.933442
0.167961	-0.968253	0.185137
0.590158	0.211735	-0.779026
-0.208058	0.809979	-0.548312
0.0439636	0.737554	0.673855
-0.0167092	-0.208878	0.977799
-0.650004	-0.666736	0.364633
-0.771283	-0.631893	-0.0763819
-0.924225	0.373426	-0.0797596
0.21878	0.880644	0.420239
0.302149	0.000559788	0.95326
0.554434	0.327479	0.765088
-0.175632	0.4412	0.880055
0.124024	0.13018	0.983703
-0.0902666	-0.119741	0.988693
0.531464	-0.414121	0.738951
0.891069	0.222003	-0.395867
0.306791	0.635719	0.708336
-0.202571	0.427378	0.881086
-0.538078	0.341942	0.77042
-0.263893	-0.0161931	0.964416
-0.33527	-0.081442	0.938595
-0.00341345	-0.358833	0.933396
0.193581	-0.852561	0.485455
0.761845	-0.594612	-0.256961
0.0453724	0.0287539	-0.998556
-0.523339	0.841374	-0.13493
-0.493224	0.752195	0.436958
-0.111226	0.506176	0.855228
-0.150425	-0.212073	0.965607
0.0866463	-0.818075	0.568548
-0.082848	-0.914609	-0.39576
-0.154399	0.181909	-0.971118
-0.171718	0.978162	-0.1171
0.358463	0.52569	0.771462
0.233661	0.15647	0.959646
-0.03776	-0.489777	0.87103
0.0984494	-0.98964	0.104504
-0.625559	-0.00758769	-0.78014
-0.640351	0.638375	-0.427116
-0.599342	0.637327	0.484358
-0.16798	-0.384859	0.90756
-0.00717648	-0.69354	0.720383
-0.763311	-0.606242	0.22322
-0.736108	0.189383	0.64983
0.603539	0.189012	0.774606
0.732539	-0.397799	0.552396
0.768453	0.256706	0.586158
-0.157495	0.552895	0.818231
0.126243	-0.264536	0.956077
0.334122	-0.434796	0.83625
0.621162	-0.781633	-0.0566321
-0.170094	0.362314	-0.916404
-0.383901	0.904797	0.184289
-0.000881288	0.375633	0.926768
-0.010771	0.0931108	0.995597
0.180675	-0.0627669	0.981538
-0.0982342	-0.383389	0.918348
0.26001	-0.270123	0.927053
0.0859592	-0.871286	0.48319
-0.100956	-0.341949	-0.93428
-0.822241	0.543408	-0.169198
-0.595502	0.410386	0.690623
-0.24279	0.151612	0.958158
0.465544	-0.0179539	0.884842
-0.10131	-0.0419498	0.99397
-0.424327	-0.545656	0.722638
-0.581621	-0.813236	0.0191111
-0.732942	0.0460514	-0.67873
-0.559429	0.789771	0.251596
0.439977	-0.124034	0.889402
0.533865	0.0517322	0.843986
0.423911	0.240606	0.87316
-0.270898	-0.614356	0.741067
-0.858746	-0.212166	0.466413
-0.975309	-0.193569	0.106321
-0.429507	0.471186	0.770394
0.173201	-0.128816	0.976426
-0.0193392	-0.271123	0.96235
-0.0747942	-0.344081	0.935956
0.150899	-0.401062	0.903537
0.24044	-0.606007	0.758251
0.884581	-0.374475	0.278002
0.929831	0.12524	-0.346019
0.11876	0.558633	0.820869
-0.39367	-0.346661	0.851381
0.0209244	-0.348775	0.936973
-0.656002	-0.754726	0.00705699
-0.927027	-0.354896	0.121116
-0.529753	0.756795	0.382913
-0.077007	-0.12798	0.988783
0.312836	-0.0408372	0.948929
0.73369	0.186353	0.653431
0.15398	0.260832	0.953025
0.017563	-0.0503975	0.998575
-0.447545	-0.250374	0.858497
-0.854022	-0.356419	0.378961
-0.204096	0.0333176	0.978384
-0.0249098	0.117774	0.992728
-0.0824537	0.161265	0.983461
0.61313	-0.29995	0.730823
0.176037	0.183132	0.967199
-0.0869299	0.217782	0.972118
-0.64697	-0.108055	0.754821
-0.579592	0.432222	0.690838
0.275158	0.0269597	0.961021
0.604918	-0.752249	0.261141
0.955616	0.19202	-0.223444
0.825554	0.482888	0.292028
0.406579	-0.278258	0.87021
-0.296008	-0.0855262	0.951349
-0.470042	0.333929	0.817039
0.139009	-0.27896	0.950188
0.603902	-0.46712	0.645834
0.936935	-0.207404	0.281312
-0.0857544	-0.22438	0.970721
0.0835414	-0.0748262	0.993691
-0.0896753	-0.951259	0.295067
0.345915	-0.549874	-0.760251
-0.0313513	0.0198483	-0.999311
0.536456	0.840847	0.0720497
0.452704	-0.038259	0.89084
0.143255	-0.154206	0.977598
-0.700586	-0.269491	0.660722
-0.686741	-0.114659	0.717802
-0.296851	0.0687689	0.952444
-0.354732	-0.152943	0.922374
0.584255	-0.809373	-0.0596808
0.885667	-0.0673541	-0.45941
0.57732	0.657917	0.483577
0.0380442	-0.175194	0.983799
-0.136428	-0.246032	0.959612
0.309833	-0.0440405	0.94977
0.172822	-0.217652	0.960604
0.123466	-0.11469	0.985699
0.630313	-0.596634	0.496723
0.86123	0.332375	-0.384461
0.477178	0.863159	0.165096
0.150791	-0.31621	0.936629
-0.242814	0.0593439	0.968256
-0.197843	0.0645089	0.978109
0.0763709	-0.277303	0.957742
0.559331	-0.795098	0.234451
0.00487469	0.0161513	-0.999858
0.353896	0.927056	0.123794
-0.267524	0.604037	0.750714
-0.255691	0.0689574	0.964296
-0.296875	-0.242712	0.923556
0.0175272	-0.448596	0.893563
0.810766	-0.585235	-0.0125895
0.838799	-0.317543	-0.442248
0.594621	0.739728	0.315007
0.0653487	-0.0480081	0.996707
-0.680628	-0.458547	0.571384
-0.888435	-0.458559	-0.0201505
-0.75909	0.532169	-0.374938
-0.207356	0.971795	0.112329
0.595739	-0.0929358	0.797783
0.851782	-0.0115342	0.523769
0.090016	0.228336	0.969412
-0.227403	-0.310762	0.922884
-0.539315	-0.143031	0.829869
0.0251598	-0.496099	0.867901
-0.863703	-0.480222	0.152982
-0.271865	0.172149	-0.946813
-0.201945	0.96382	0.17398
0.225788	0.429214	0.874526
0.0507943	-0.238953	0.969702
-0.0359821	-0.608716	0.792572
0.00889586	-0.721965	0.691872
0.152008	-0.354897	0.922465
-0.0544379	-0.927732	0.369255
0.0380153	-0.0812943	-0.995965
0.111548	0.836695	-0.536188
0.361799	0.366177	0.857331
0.33054	0.427245	0.841549
0.103054	0.377825	0.920124
-0.29491	-0.547245	0.783295
-0.628326	-0.316227	-0.710779
-0.644911	0.741276	-0.186009
-0.294406	0.712611	0.636797
0.0552744	0.342534	0.937878
-0.0263983	0.0236825	0.999371
0.47143	-0.626753	0.620431
0.152964	-0.552163	0.819584
-0.0610211	-0.880337	-0.470407
0.0655776	-0.266653	-0.961559
0.890936	0.451858	0.0453587
0.264147	0.186602	0.946259
-0.00445224	0.0192097	0.999806
0.0107979	-0.0918841	0.995711
-0.352338	-0.13688	0.925809
-0.686934	0.250562	0.682158
0.906312	-0.410007	-0.102431
0.657194	0.425179	-0.622349
0.093242	0.265623	0.959557
0.0268746	0.0815672	0.996305
-0.20007	0.377666	0.904069
-0.127355	-0.712195	0.690332
-0.284515	-0.957654	0.0441485
-0.658806	-0.352704	-0.664511
-0.473305	0.739049	0.479363
0.366059	0.103207	0.924851
0.295483	0.08132	0.951881
0.139173	-0.103256	0.98487
-0.361523	-0.311878	0.878654
0.264749	-0.103212	0.958778
0.227298	-0.633209	0.739853
-0.977256	-0.11238	-0.179836
-0.586136	0.738829	0.33253
0.0793799	0.620984	0.779794
0.394262	-0.0823152	0.915304
0.0396787	0.0735614	0.996501
-0.131945	-0.197282	0.971427
-0.770353	0.30671	0.559003
-0.145533	0.267626	0.952469
0.0791984	0.0704352	0.994367
-0.18843	-0.0389205	0.981315
-0.0157384	0.0901271	0.995806
0.16991	-0.243582	0.954881
-0.164091	-0.47426	0.864957
-0.0741633	-0.503446	0.860838
-0.62281	-0.723112	-0.298691
0.034839	0.0504527	-0.998119
0.558086	0.828915	-0.0379461
-0.215034	0.211728	0.953379
0.0408408	0.0269202	0.998803
-0.306338	-0.132356	0.942677
-0.576773	-0.0282327	0.816416
-0.212854	-0.718102	-0.662588
-0.508398	0.0279532	-0.860669
0.316995	0.664984	0.676248
0.783121	0.0386914	0.620665
0.865819	-0.0917719	0.491869
0.0132237	-0.562944	0.826389
-0.778731	-0.228642	0.584209
-0.364737	0.389886	0.845551
-0.170595	0.161592	0.972001
0.126905	-0.471131	0.872887
0.991592	-0.0358748	0.124329
-0.0430178	0.16514	0.985332
-0.16341	0.367114	0.91571
0.990889	-0.102102	0.0878258
0.634049	0.759474	0.145538
-0.484214	0.263237	0.834412
0.0761841	-0.0571858	0.995453
0.778656	-0.0852882	0.621627
0.480447	0.00297568	0.877019
0.511761	-0.139499	0.847727
-0.0919519	0.301851	0.94891
0.186805	0.536586	0.822909
0.173297	-0.39161	0.903665
0.590907	0.37128	0.716226
0.448238	0.425316	0.78625
0.288091	0.0956663	0.952812
0.287773	0.0755493	0.954714
0.0839139	0.0851939	0.992824
-0.0709376	-0.065052	0.995357
-0.652907	-0.377392	0.656725
-0.449169	-0.371714	0.812451
0.505263	0.0514888	-0.861428
-0.303915	0.948081	0.0936897
0.188313	0.18445	0.964633
0.0146472	-0.0117735	0.999823
-0.168361	0.00581591	0.985708
-0.703374	-0.226987	0.673604
-0.889938	-0.379128	0.253519
0.910733	0.127767	0.392736
0.850778	0.0420765	-0.523838
0.0313508	0.930016	0.366181
0.103871	0.179959	0.978175
-0.421046	-0.105523	0.90088
0.0827483	0.374794	0.923408
0.0427216	-0.073466	0.996382
-0.269594	-0.44014	0.856502
0.363367	-0.928113	0.0810597
0.44483	-0.0479073	0.894333
0.836918	-0.497761	0.227599
0.313922	0.221204	-0.923321
0.21892	0.969154	0.113204
0.232384	0.169537	0.957734
0.358082	-0.133367	0.924116
0.851382	-0.410095	0.327065
0.952158	-0.27178	-0.139755
0.899857	0.159432	-0.406004
0.0317957	0.73475	0.677592
0.282031	0.589391	0.757019
0.131367	-0.107322	0.985507
0.853648	-0.517657	0.0575962
0.860189	0.507114	-0.0539423
0.933223	0.0631899	0.353697
0.807301	0.228398	0.544151
0.463663	0.736094	0.493135
0.21371	-0.203863	0.955389
-0.439081	0.454526	0.774993
-0.410342	0.00563454	0.911915
-0.662612	0.368971	0.651771
-0.0777816	0.107083	0.991203
0.0486049	0.00761193	0.998789
0.172085	-0.225443	0.958938
0.252566	-0.321765	0.912512
0.149779	-0.249753	0.956655
-0.224541	-0.446441	0.866182
0.812623	-0.468907	-0.346079
-0.493926	0.381587	-0.781299
-0.385256	0.921458	-0.0499354
0.189645	0.327468	0.925635
-0.144875	-0.0581552	0.987739
0.243812	0.118843	0.962513
-0.372439	-0.302315	0.877436
-0.19024	-0.306913	0.932531
0.1132	-0.873728	0.47306
0.0312473	-0.98294	0.181251
0.294568	-0.50384	-0.812019
-0.321816	0.943852	-0.0746877
-0.207629	0.790744	0.57586
-0.0598877	-0.117842	0.991225
-0.0376187	-0.0924602	0.995006
-0.256592	-0.946979	-0.193369
-0.112986	0.199966	-0.973267
-0.429951	0.723181	-0.540511
-0.27426	0.864304	0.421617
0.102748	0.0465611	0.993617
0.577138	-0.790235	0.20601
0.202543	-0.818886	-0.53703
0.227221	0.563387	-0.794334
0.177082	0.909708	-0.375598
-0.10373	0.823008	0.558479
-0.217629	0.165547	0.96189
0.0292643	-0.54887	0.835395
-0.216825	0.765185	0.6062
0.0171812	-0.202302	0.979173
-0.425013	-0.209629	0.880579
0.321951	-0.244609	0.914611
0.673206	-0.497496	0.547075
0.988059	-0.0507919	0.145465
0.327904	0.349977	0.877494
0.299953	-0.265265	0.916331
0.110611	-0.823829	0.555942
-0.339167	-0.315928	-0.88609
-0.875038	0.48279	-0.0349553
-0.336016	0.457635	0.823203
-0.00217642	-0.322786	0.946469
0.134438	-0.107977	0.985022
0.535909	0.105073	0.837712
-0.0976938	-0.061785	0.993297
-0.0134829	0.0754296	0.99706
-0.682226	-0.70753	0.184307
-0.508562	-0.858967	0.0595003
-0.895286	-0.163978	-0.414216
-0.800763	0.547045	0.243968
-0.160986	0.464227	0.870963
-0.338259	-0.107377	0.934907
0.234655	-0.342838	0.909615
-0.666147	-0.606531	0.434015
-0.772541	-0.356597	-0.525375
-0.680512	0.703109	0.206255
0.062668	0.294403	0.953625
0.537649	-0.0303712	0.842621
-0.0771971	-0.596264	0.799068
-0.873865	-0.485878	0.0168211
-0.738585	0.493613	-0.459171
-0.803588	0.59193	0.0621641
-0.474506	0.22967	0.849762
0.0394707	-0.0734326	0.996519
0.804455	-0.436169	0.403248
0.778399	0.410426	0.475021
-0.00513593	-0.0656401	0.99783
0.111716	0.265665	0.957571
-0.197931	-0.248571	0.948175
0.198364	-0.934622	-0.295183
0.265588	0.167184	-0.94948
0.580119	0.599908	0.550975
-0.0397496	-0.232968	0.971672
0.14715	-0.713317	0.68522
-0.994234	0.0626949	-0.0869974
-0.475834	0.629043	0.614725
0.381059	-0.0599329	0.922606
0.593939	-0.297939	0.747308
0.909515	-0.359785	-0.208178
0.713642	0.652264	-0.255474
0.497809	0.300395	0.813603
0.094417	0.543635	0.833995
-0.722935	0.136872	0.677223
-0.812131	0.315366	0.490905
-0.319148	-0.280627	0.905203
-0.1759	-0.202178	0.963423
0.44739	0.258552	0.85615
-0.297303	-0.179217	0.937812
-0.123496	-0.424725	0.89686
-0.576449	-0.489509	0.654284
-0.917687	-0.0378212	0.3955
-0.366713	0.402772	0.838628
0.0626427	0.037932	0.997315
0.551352	0.244539	0.797629
0.0402102	0.0951484	0.994651
-0.384001	0.0156622	0.9232
-0.634532	0.0827102	0.768458
-0.573834	-0.249457	0.780055
0.198991	-0.0312419	0.979503
-0.508718	-0.713052	0.482454
0.732654	-0.433817	-0.524423
0.964211	-0.178237	-0.196285
0.270125	0.448124	0.852184
0.0995493	-0.477958	0.872723
-0.317536	0.148537	0.93654
-0.831253	-0.431111	0.350944
-0.853058	0.225033	-0.4708
-0.195628	0.76157	0.617852
-0.0968452	-0.030144	0.994843
0.455729	-0.886542	-0.0797119
-0.837946	0.398517	0.372869
0.32606	0.0178435	0.945181
0.172845	-0.251979	0.952172
0.44413	-0.699569	0.559778
0.349587	-0.186883	-0.918076
0.191128	0.280229	-0.940713
0.443784	0.857613	0.259916
-0.187041	0.458305	0.868891
-0.128395	-0.0242968	0.991425
-0.442904	-0.236784	0.864737
0.149461	-0.557074	0.816903
0.240335	-0.838026	0.489849
0.922016	-0.385134	-0.0394836
0.697982	0.0711323	0.712574
0.313872	-0.0462014	0.94834
-0.117333	-0.117277	0.986144
0.178971	-0.277187	0.944001
0.176265	-0.450052	0.875434
0.381922	-0.922041	0.0630548
0.99907	-0.0252684	-0.0349266
0.29302	0.683346	0.668713
-0.00717589	-0.00875121	0.999936
-0.0791622	-0.0329837	0.996316
0.094294	-0.0827755	0.992097
-0.105205	-0.363141	0.925776
0.166558	-0.566046	0.807373
0.201785	-0.95601	-0.212901
-0.396809	0.173189	-0.901414
0.152543	0.966484	-0.206494
-0.17648	0.342848	0.922665
0.148408	0.0765227	0.985961
-0.358817	-0.0321481	0.932854
-0.80499	0.100197	0.584766
-0.383213	0.565921	0.729987
0.237388	0.407229	0.881936
-0.226702	-0.228277	0.946835
0.000462692	0.000132305	1
0.669134	0.285812	0.685982
0.466019	0.384042	0.797081
-0.23258	-0.387923	0.891865
-0.419918	-0.850059	-0.317914
-0.788401	0.367882	-0.493038
-0.120271	0.866418	-0.484619
-0.401203	0.436884	0.805089
-0.135878	-0.0936373	0.986291
-0.493692	-0.503284	0.709206
-0.306635	-0.524484	0.794287
-0.281967	-0.927087	0.246989
-0.41905	-0.53791	-0.731471
0.948226	-0.0424855	-0.314743
0.760702	0.629537	0.158167
0.339926	0.360847	0.86847
0.0760734	-0.0944354	0.99262
-0.131603	-0.235251	0.962984
-0.287557	-0.949539	-0.125248
0.265537	0.208232	-0.941345
0.344376	0.854284	0.389363
-0.00274678	0.114732	0.993393
0.0306789	0.143893	0.989118
0.455309	-0.109243	0.883606
0.0912805	0.0276037	0.995443
0.156457	-0.104084	0.982185
-0.51514	-0.789435	0.333803
-0.906836	-0.274923	0.319478
-0.431476	-0.0591408	0.900184
0.179031	-0.0805842	0.980538
0.251094	0.239623	0.937834
-0.0508145	-0.157114	0.986272
0.0272742	0.346786	0.937548
-0.279345	0.455678	0.845177
0.174242	0.21024	0.961997
0.472891	-0.673939	0.56761
0.981622	-0.020226	0.189761
0.121855	0.992114	-0.0293561
0.302014	0.525848	0.795155
-0.152883	-0.21448	0.964689
-0.367822	-0.833333	0.41263
-0.962898	0.218734	-0.158057
-0.56337	0.510623	0.649522
0.120537	-0.376161	0.918681
-0.186307	0.00810902	0.982458
0.125839	0.0303448	0.991586
-0.122258	-0.194796	0.973195
-0.106083	-0.516643	0.849603
-0.489825	-0.531988	0.690696
-0.0680405	-0.661336	-0.746997
0.40563	0.716975	-0.566931
0.261546	0.770367	0.581489
0.296615	0.411641	0.861726
0.0555257	0.181933	0.981742
-0.319427	-0.677608	0.66243
-0.95113	-0.227906	0.208352
-0.803845	0.198367	0.560789
-0.138829	-0.568111	0.811158
0.715789	-0.527881	0.457153
0.906279	-0.395669	0.148674
0.648805	0.748578	-0.136687
0.556833	-0.00669064	0.830598
-0.398031	-0.708604	0.582626
-0.143558	-0.476922	0.867143
-0.481584	0.0203798	0.876163
0.205242	-0.586577	0.783456
0.662208	-0.382378	0.644413
0.998166	-0.0526916	0.0297889
0.531055	0.56102	0.63501
-0.347616	-0.240716	0.906211
0.522058	-0.760675	0.385782
0.543153	-0.437834	-0.71644
0.698433	-0.0719816	-0.712047
-0.387321	0.921827	-0.0147285
-0.0434774	0.620374	0.7831
0.128225	-0.25784	0.957641
-0.114899	-0.343399	0.932135
-0.48731	-0.490844	0.72222
-0.839942	0.0982787	0.533702
0.00848827	0.112241	0.993645
0.802556	0.167626	0.572543
0.505723	0.388642	0.770196
0.293948	-0.470714	0.831879
-0.0617134	-0.420547	0.90517
0.182543	-0.562005	0.806739
-0.657885	-0.746991	-0.0958792
-0.111846	-0.4183	-0.901396
-0.011377	0.87854	-0.477534
0.363213	0.351492	0.862861
-0.0136841	0.00868378	0.999869
0.0436493	0.197692	0.979292
-0.465412	0.213417	0.858979
-0.125282	0.0169743	0.991976
-0.189677	-0.393242	0.899657
-0.401422	-0.857981	0.320513
0.112163	-0.539084	-0.83475
-0.245115	0.752741	-0.610982
0.497132	0.86764	-0.00784155
-0.25093	0.412142	0.875884
-0.119856	-0.0526677	0.991393
-0.111716	-0.0877556	0.989858
-0.121078	-0.568548	0.813691
0.0518357	-0.267806	-0.962077
0.0999526	0.604835	-0.790053
-0.436765	0.487855	0.7558
0.122585	0.0299449	0.992006
-0.353709	-0.656958	0.665805
-0.414462	-0.909772	-0.0231679
0.0186898	0.0648817	-0.997718
-0.502152	0.532751	0.68119
0.633949	0.0735015	0.769874
-0.026433	0.221396	0.974826
0.464958	-0.191964	0.864271
-0.0442255	-0.0716532	0.996449
-0.289377	-0.19049	0.93807
0.0116723	-0.85994	0.510262
0.786707	-0.0833233	-0.611677
0.53925	0.72256	0.43257
0.806017	0.352606	0.4754
0.397133	0.307539	0.864699
0.0364085	-0.536846	0.842895
-0.370477	-0.805207	0.46302
-0.787697	-0.348891	-0.507748
-0.524574	0.789064	-0.319688
-0.146722	0.167963	0.974813
-0.13512	-0.1523	0.979054
-0.268347	0.349587	0.897652
-0.232342	-0.0868293	0.968751
0.300453	-0.125235	0.945539
0.215771	-0.308838	0.926316
-0.391122	-0.549147	0.738554
-0.20791	-0.978021	-0.0157816
-0.792131	-0.117161	-0.599001
0.30627	0.943185	0.12884
0.617816	0.501538	0.60561
0.571227	0.00731045	0.82076
0.155925	-0.327221	0.931995
-0.0105398	-0.391636	0.92006
-0.788553	-0.586776	0.184063
-0.635012	0.274105	-0.722237
-0.291909	0.768831	0.568936
-0.0170956	-0.0520875	0.998496
-0.0025532	0.0555792	0.998451
-0.162076	0.394943	0.904296
-0.964733	0.253889	0.0695011
0.101347	0.127618	0.986632
0.840935	-0.384428	0.380844
0.940746	0.240944	0.238625
0.479484	0.554113	0.68048
-0.326927	-0.0970456	0.940054
-0.311456	-0.214922	0.925637
0.100001	-0.945631	0.309488
-0.106866	-0.52249	-0.845922
0.161673	0.126998	-0.978639
0.50227	0.754753	-0.421988
0.68192	0.720418	0.126424
0.00543622	0.320324	0.947293
-0.0229708	-0.0600484	0.997931
-0.710633	-0.4169	0.566741
-0.728513	-0.0907638	0.678992
0.0466322	0.0869549	0.99512
-0.112305	0.195255	0.974301
0.0269056	-0.0874473	0.995806
0.214518	-0.138226	0.96689
0.410833	-0.425952	0.80609
0.639221	0.284301	0.714541
0.119581	-0.487074	0.865136
-0.63939	-0.386177	0.664866
-0.22427	0.529964	0.817827
0.252809	0.0468355	0.966382
0.799382	-0.233254	0.553698
0.997901	0.0647447	0.00101817
0.83917	0.201106	0.505322
0.13355	-0.0679995	0.988706
-0.440323	-0.343871	0.829379
-0.822892	-0.488893	0.289537
0.588361	0.258375	0.766207
0.483925	0.24647	0.839684
0.461412	0.255268	0.849669
0.0607303	0.318571	0.945952
-0.235159	-0.317047	0.918793
-0.015406	-0.460201	0.887681
0.0842533	-0.956032	-0.2809
0.700312	-0.0315647	-0.713138
0.297496	0.806015	0.511699
-0.0831203	-0.103167	0.991185
-0.244221	0.111564	0.963281
-0.761581	-0.570796	0.306899
-0.832441	0.0728903	-0.549298
-0.811765	0.486172	-0.323536
-0.806093	0.575755	0.136822
-0.2077	0.480722	0.851919
-0.275096	-0.330218	0.902928
0.466611	0.391053	0.793317
-0.168004	-0.0730974	0.983072
-0.0788413	-0.585963	0.806493
-0.389353	-0.493495	0.777732
-0.274811	-0.582785	0.764749
0.337551	-0.302029	0.891537
0.717439	-0.120663	0.686091
0.551687	-0.833008	0.0417137
0.226277	-0.0895518	-0.969938
0.182254	0.962095	0.202869
-0.424181	0.353001	0.833943
-0.263272	0.169258	0.949758
-0.158684	-0.422111	0.892548
0.324032	-0.888788	0.324127
0.636242	-0.313484	-0.704929
0.514145	-0.0930616	-0.85264
0.230744	0.972963	-0.0100066
-0.0268994	0.634635	0.772343
0.0408799	0.203728	0.978174
0.343826	-0.669381	0.658569
0.990583	0.01087	0.136479
0.983538	0.160145	-0.0837002
0.599868	0.484426	0.636781
0.275369	-0.181633	0.944024
0.00924919	-0.381809	0.924195
-0.144087	-0.897434	0.416955
0.503186	-0.22044	-0.83559
0.733794	0.589658	-0.337416
0.0958705	0.639266	0.762986
-0.280895	-0.0288275	0.959305
-0.399294	-0.152991	0.903968
-0.975355	-0.147045	0.1645
-0.261241	0.509459	0.819881
-0.149977	0.249636	0.956655
-0.0681581	-0.226112	0.971714
0.234374	-0.138849	0.96218
0.599494	-0.697223	0.393048
0.977934	0.0943576	-0.186392
0.304174	0.536108	0.787443
-0.0474129	-0.118732	0.991794
0.140914	-0.618287	0.773217
0.93549	-0.352731	0.020974
0.80214	-0.122472	-0.584442
0.313852	0.934102	0.170145
-0.352008	0.870153	0.344855
-0.463935	0.252335	0.849171
-0.440869	0.0463004	0.896377
0.0359602	-0.0782778	0.996283
0.26392	-0.637758	0.72361
0.272865	-0.956039	-0.107393
0.379362	-0.462795	-0.80119
-0.230163	0.500515	-0.834571
0.0210166	0.885446	0.464266
-0.0434675	0.503883	0.862678
0.257964	-0.549509	0.794666
-0.144957	-0.962763	-0.228199
0.00814825	-0.023923	-0.999681
0.495331	0.118338	-0.860606
0.427655	0.617335	-0.660309
-0.0725723	0.345312	0.935678
0.376559	-0.0259941	0.926028
-0.530685	-0.769506	0.355294
-0.801472	-0.385681	-0.457049
-0.459335	0.76069	-0.458653
-0.271817	0.472383	0.838433
0.108482	-0.256114	0.96054
-0.0323291	-0.0232203	0.999208
-0.71632	-0.449599	0.533616
-0.00976012	-0.139113	0.990228
-0.365153	0.0784591	0.927635
0.115925	-0.416589	0.901673
0.724769	-0.151174	0.672202
0.856907	-0.458184	-0.236175
0.367341	0.620392	-0.692947
0.287509	0.438046	0.851736
0.13018	0.0495273	0.990253
0.353531	-0.169967	0.919852
0.770579	-0.52212	-0.365512
0.101951	0.267744	-0.958081
-0.622068	0.740142	0.255386
-0.249914	0.481473	0.840076
-0.411379	-0.209151	0.887143
0.212766	-0.00307227	0.977098
0.19138	0.689768	0.698279
-0.0222028	-0.014529	0.999648
-0.486143	-0.368481	0.792393
-0.843228	-0.451207	-0.292195
-0.59815	0.72371	-0.344181
-0.243918	0.866952	0.434624
-0.176841	0.302435	0.936622
0.0390523	-0.208385	0.977267
-0.120583	-0.697535	0.706332
-0.888048	-0.43533	-0.147847
-0.789433	0.375397	-0.485667
-0.898785	0.364507	0.243557
-0.0182536	0.570212	0.821295
0.191613	0.114156	0.974809
0.0851438	-0.0966778	0.991667
-0.526211	-0.765822	0.369619
-0.791279	0.352645	-0.499519
-0.483862	0.160821	0.860241
-0.200254	-0.0560769	0.978138
-0.266045	-0.0791844	0.960703
0.0406641	-0.0224897	0.99892
-0.291531	-0.0419303	0.955642
0.123281	-0.644821	0.754326
0.201868	-0.957961	0.203864
0.0306273	-0.933216	-0.358008
-0.144306	-0.199068	-0.969303
-0.531997	0.845976	-0.0360965
-0.346808	0.411039	0.843072
0.317953	-0.303657	0.898164
-0.280958	-0.449179	0.848116
-0.623174	-0.452852	-0.637635
-0.781719	0.621503	-0.0514721
-0.432564	0.0561742	0.899852
0.00671342	-0.251931	0.967722
0.395437	-0.699485	0.595274
0.931387	-0.363412	0.0212107
0.559729	0.825585	-0.0715061
0.0954183	0.263408	0.959954
-0.384406	-0.0751507	0.9201
-0.749973	-0.0179787	0.661224
-0.917561	0.37054	0.14416
-0.102076	0.494223	0.863322
0.0755517	0.298508	0.951412
-0.0984287	-0.0212515	0.994917
-0.267806	0.047287	0.962312
-0.789477	0.186707	0.584693
-0.497168	0.403649	0.768044
-0.26009	0.18861	0.946984
-0.137054	-0.0341164	0.989976
0.836754	-0.0995135	0.538461
0.634697	0.305062	0.709998
-0.73329	-0.106897	0.671461
-0.619716	0.294609	0.727432
0.0641407	-0.267225	0.961497
0.917512	0.0785545	0.389874
0.339839	0.322255	0.88355
0.512438	0.194576	0.83639
0.171523	-0.315195	0.933398
-0.22232	0.140761	0.964759
-0.12688	-0.728065	0.673664
-0.753053	-0.644504	-0.132382
-0.586653	0.65707	-0.473388
-0.060483	0.790097	0.609991
-0.357935	0.270701	0.893646
-0.0142664	0.0799968	0.996693
-0.102442	0.0645948	0.99264
-0.696434	-0.375489	0.611546
-0.682937	0.399593	0.611491
-0.461535	0.012445	0.887035
-0.0573225	-0.346293	0.936373
0.502591	-0.863981	-0.0306438
0.520507	-0.425721	-0.740158
-0.61736	0.505954	-0.602393
0.0865805	0.97533	0.203062
0.0100191	0.0508918	0.998654
0.140749	-0.258954	0.95558
-0.59304	-0.393037	0.702727
0.321	-0.819628	0.474521
0.965565	0.152827	0.210543
0.303521	0.419495	0.855511
0.18862	-0.0275061	0.981665
-0.0849196	-0.334463	0.938575
0.332038	0.355607	0.873668
-0.158971	0.225997	0.961069
0.572453	-0.310637	0.758817
0.926761	-0.168988	-0.335497
0.516492	0.779385	-0.354677
-0.355107	0.616732	0.702524
0.242481	-0.235927	0.941032
0.261336	-0.585085	0.76771
0.866967	-0.496772	-0.0398136
0.770279	0.631004	-0.0922172
0.76172	0.261944	0.592594
0.0034664	-0.0351226	0.999377
-0.415319	-0.0936725	0.90484
-0.211568	-0.46661	0.858786
-0.693937	-0.157467	0.702607
-0.75553	-0.453967	0.472322
0.0541751	-0.66581	0.744152
0.627849	0.256231	0.73495
0.477704	0.0853481	0.874365
0.0658641	-0.0555799	0.996279
-0.269153	0.283512	0.920423
-0.357337	0.227051	0.905957
0.0653549	-0.0599358	0.99606
0.161304	-0.806892	0.568248
-0.185855	-0.922258	-0.338966
-0.757766	0.443101	-0.479013
-0.851808	0.366965	0.373846
-0.539194	0.382575	0.750271
0.0176183	-0.240948	0.970378
0.149812	-0.677433	0.720167
0.370238	-0.532865	0.760907
0.560503	-0.623121	-0.545487
0.21441	0.864637	-0.454347
0.202312	0.521968	0.828625
-0.101872	-0.433022	0.895608
0.220342	-0.515719	0.827939
-0.23091	-0.0332666	0.972406
0.260286	-0.557839	0.788078
0.643878	-0.665584	-0.377384
-0.30731	-0.0206223	-0.951386
-0.428913	0.660473	-0.616287
0.122743	0.907036	0.402766
-0.0985014	0.370942	0.923417
-0.18311	-0.427167	0.885437
0.0640163	-0.995038	-0.0761696
-0.232489	0.114561	-0.965828
-0.198402	0.955305	-0.219155
-0.457234	0.35193	0.816751
-0.00478521	0.2979	0.954585
-0.653508	0.272161	0.706297
-0.244869	0.0522627	0.968147
-0.0255945	-0.314202	0.949011
0.539888	-0.71645	0.441838
0.980267	0.0596773	0.188456
0.92259	0.073876	0.378642
0.620355	0.7124	-0.328094
0.0550494	0.0114197	0.998418
-0.0293704	-0.066036	0.997385
-0.0445136	-0.421965	0.905519
0.538153	-0.334261	0.773732
-0.461731	-0.0150259	0.886893
-0.658127	0.427052	0.620077
-0.640125	0.323666	0.696764
-0.104921	0.0927224	0.990149
0.26409	-0.321873	0.909205
0.12266	-0.5474	0.827833
0.918176	-0.38599	0.0892446
-0.41564	-0.0918988	-0.904874
-0.382558	0.92168	-0.0644648
-0.0552537	0.337053	0.939863
0.147121	0.258084	0.954855
0.156856	-0.394379	0.905462
0.448168	-0.374873	0.811551
0.11048	-0.152993	0.982032
0.0272228	-0.989563	0.141508
-0.823254	0.376031	0.425269
-0.895429	0.0305063	0.444158
-0.942338	0.324511	0.0818068
-0.0163204	0.566195	0.82411
-0.196394	-0.0937121	0.976037
-0.360026	-0.841914	0.401947
-0.910842	-0.33675	-0.238676
-0.483675	0.874372	-0.0391372
0.22616	0.785095	0.576609
0.134857	0.682989	0.717871
0.183695	0.308483	0.933325
0.386727	-0.0312489	0.921665
0.193176	0.235553	0.952469
0.031876	-0.98875	-0.146144
0.325878	-0.106279	-0.939419
0.30997	0.511859	-0.801198
-0.257357	0.963617	0.072172
0.391118	0.018744	0.92015
0.218741	-0.526589	0.821496
0.43633	-0.539604	0.72003
0.99836	-0.0559594	-0.0120741
0.616034	0.556782	0.557222
-0.107987	0.137101	0.984653
-0.158276	-0.12341	0.979652
0.0160509	-0.361025	0.932418
0.182824	-0.681079	0.709018
0.844023	-0.52634	0.102912
0.322307	0.204118	-0.924367
-0.647386	0.651652	0.395273
-0.386519	0.440243	0.810426
-0.00318878	-0.00216456	0.999993
0.459397	-0.435283	0.774263
0.728934	-0.326897	0.601493
0.410007	-0.042641	0.911085
0.217731	0.140817	0.965797
-0.355353	-0.349734	0.866839
-0.0608117	0.610987	0.789302
-0.261853	-0.0790452	0.961865
-0.347059	-0.130403	0.928733
0.95244	0.238662	0.189469
0.215544	0.661728	0.718093
-0.164501	0.686922	0.707869
-0.696826	0.00925341	0.717181
-0.51226	0.357746	0.780774
0.374895	0.231069	0.897809
0.873845	-0.113128	0.47286
0.845591	0.533544	-0.0175034
0.208239	0.284448	0.935802
0.0179758	-0.0131952	0.999751
-0.648645	-0.669318	0.362316
-0.839143	0.0996386	-0.534706
-0.386278	0.753085	-0.53259
-0.450382	0.783106	0.428837
-0.164109	0.119372	0.979193
0.61667	-0.341059	0.709504
0.268345	-0.946314	-0.180227
0.0163539	0.064129	-0.997808
0.483124	0.851577	0.20349
0.375987	0.22049	0.90001
-0.217221	-0.0669927	0.973821
-0.231131	-0.214915	0.948889
0.253007	-0.850357	0.461391
0.0677301	-0.605569	-0.792906
-0.225919	0.588258	-0.776475
-0.108509	0.68165	0.723588
-0.391865	-0.0250959	0.91968
-0.0913069	-0.673231	0.733774
0.446161	-0.755874	-0.479161
0.749055	-0.155504	-0.643999
0.705907	0.642109	-0.298983
0.238968	0.522702	0.818337
0.103923	0.114835	0.987934
0.199723	0.317866	0.926861
0.0986573	-0.00883419	0.995082
0.412542	-0.272932	0.86909
0.44464	-0.407476	-0.797658
0.715203	0.698693	-0.0176674
0.645258	0.367497	0.669767
-0.411012	-0.050337	0.910239
0.167543	0.0491545	0.984639
0.219225	-0.567821	0.793423
0.500845	-0.129895	-0.855735
-0.265684	0.527915	-0.806671
0.0595554	0.736114	0.674232
0.0986709	-0.0465731	0.99403
-0.128029	-0.0679907	0.989437
-0.822038	-0.490385	0.289442
-0.683012	0.450801	0.574694
0.176442	-0.257896	0.949925
0.264949	-0.289029	0.919926
0.0585144	-0.734897	0.675649
-0.702444	-0.693982	-0.157991
-0.453412	0.245246	-0.856897
-0.0891566	0.950111	-0.298899
0.195469	0.384749	0.902086
-0.430652	-0.13027	0.893067
-0.209721	-0.102127	0.972413
-0.139818	-0.9901	-0.0123883
-0.451875	-0.283504	-0.845833
-0.475034	0.878828	-0.0447576
0.109811	0.50426	0.856541
0.204389	0.332988	0.920513
-0.0820572	-0.569695	0.817749
-0.800435	-0.589127	0.110609
-0.221298	-0.757906	-0.613682
-0.0463277	0.335463	-0.940913
0.810544	0.537019	0.233729
0.365433	0.544252	0.755148
0.1861	0.802015	0.567573
-0.144516	0.762687	0.630415
-0.236475	-0.499467	0.833434
-0.64404	-0.734162	-0.214983
0.341985	-0.176691	-0.922945
0.330726	0.850759	-0.408448
0.084487	0.487228	0.869178
-0.262905	-0.380815	0.886488
0.314954	-0.944023	-0.0981061
-0.398963	0.0558541	-0.915264
-0.758534	0.544227	-0.35839
-0.37254	0.777524	0.506626
-0.493131	0.21756	0.842312
-0.156637	-0.182307	0.970685
-0.302832	-0.0199393	0.952835
0.298672	-0.111767	0.947789
0.862447	0.0246338	0.505548
0.782113	0.22151	0.582436
-0.114606	0.0489166	0.992206
-0.319782	-0.446991	0.835427
-0.743692	-0.157671	0.649663
0.0632653	0.0176308	0.997841
0.640399	-0.248224	0.726825
0.797999	-0.2086	0.565406
0.878896	-0.449602	0.159371
-0.864577	0.362224	0.348281
-0.877113	-0.00544878	0.480254
-0.100373	0.384549	0.917631
0.38935	0.480147	0.786044
0.740793	0.343317	0.577372
-0.13517	0.173977	0.975429
0.0311726	-0.205592	0.978141
-0.549637	-0.682242	0.482125
-0.528996	-0.72238	0.445344
0.568091	-0.398741	-0.719915
0.130081	0.990887	0.0349499
0.135053	0.950218	0.280797
-0.0481183	0.249601	0.967153
0.215127	-0.705568	0.675199
-0.479903	-0.876788	0.0306087
-0.821263	0.437895	-0.365752
-0.961899	0.267574	-0.0561676
-0.0779053	0.30793	0.948214
0.256441	-0.144275	0.955731
-0.689017	-0.433157	0.58106
-0.966461	-0.0813496	-0.24359
-0.755267	0.338721	0.561106
-0.537957	-0.0716673	0.83992
-0.343266	0.179069	0.92201
-0.0346269	-0.0780246	0.99635
0.157521	-0.39388	0.905564
0.58861	-0.79301	-0.157077
0.814905	0.072987	-0.57498
0.0966189	0.978521	-0.182104
0.343599	0.495396	0.797823
-0.0209812	-0.126995	0.991681
0.360984	-0.213897	0.907711
0.613048	-0.579268	0.537233
0.682948	-0.639814	-0.352449
0.901838	0.390736	-0.184428
0.805251	0.540797	0.243125
-0.110488	0.356087	0.927898
-0.114384	-0.0425739	0.992524
-0.193653	-0.498265	0.845121
0.420103	-0.901673	-0.102462
0.724207	0.511009	-0.463027
-0.151614	0.886452	0.437283
-0.0268546	0.196636	0.980109
-0.34525	-0.516856	0.783366
-0.465503	-0.82658	0.316343
-0.540004	-0.612914	-0.57683
-0.254053	0.691152	-0.676585
-0.776623	0.572321	0.263258
-0.474924	0.452536	0.754757
-0.0364564	-0.441044	0.896745
-0.560495	-0.668958	0.4882
-0.637532	-0.221435	0.737916
-0.487836	-0.00331104	0.872929
0.183283	-0.0110217	0.982998
0.674711	0.0474303	0.736557
-0.50938	-0.189917	0.839323
-0.385384	0.22748	0.894278
-0.366954	-0.134043	0.920531
0.273475	-0.31549	0.908668
0.472317	-0.256314	0.843338
0.376751	-0.128809	0.917315
-0.18119	-0.868407	0.461562
-0.79884	-0.328114	-0.504178
-0.372556	-0.265171	-0.889318
-0.715521	0.254762	-0.650482
-0.338768	0.890004	0.305172
-0.192588	0.0940156	0.976766
0.0482699	-0.112653	0.992461
-0.237672	-0.584605	0.775725
0.254051	-0.658813	-0.708113
-0.573942	-0.0421909	-0.817809
0.0951619	0.995244	-0.0208183
0.390506	0.596733	0.70101
-0.0867912	-0.547676	0.832177
0.0326502	-0.996452	0.0775658
-0.578244	-0.516995	-0.63115
-0.243539	0.932913	-0.265259
-0.164735	0.60254	0.780902
0.447174	0.314481	0.837339
0.0637616	-0.148932	0.98679
-0.0650404	-0.844032	0.532335
-0.873158	-0.487406	0.00541044
-0.907395	0.224671	-0.355187
0.335774	0.140532	0.931401
0.681942	0.0755987	0.727489
0.00212512	-0.188986	0.981977
0.0123336	-0.00865905	0.999886
0.0605794	0.0426109	0.997253
0.18873	-0.282865	0.940409
0.19331	-0.93692	0.291227
0.924962	0.265684	-0.271766
0.595907	0.73999	0.311944
0.229648	0.51102	0.828324
0.172314	-0.312127	0.934283
-0.192065	0.118058	0.974255
0.27982	0.0194914	0.959854
0.549533	-0.243654	0.799153
-0.20463	0.397331	0.89457
-0.442973	-0.0651129	0.894167
-0.787447	-0.0209741	-0.616025
-0.312657	0.784055	0.536194
0.269114	-0.00425442	0.963099
0.455214	0.174063	0.873202
0.811328	-0.101121	0.575779
-0.109463	-0.175269	0.978416
-0.844856	-0.427617	0.321498
-0.962227	0.0584541	0.265898
-0.968403	-0.245153	0.0457792
-0.0919694	0.711121	0.697029
-0.0916986	-0.0192941	0.9956
-0.476165	-0.115616	0.871722
-0.918822	-0.126735	-0.37377
-0.760602	0.639545	-0.111654
-0.0337951	0.0815771	0.996094
0.732153	-0.287978	0.617269
0.49832	0.512831	0.699058
-0.0750722	-0.235108	0.969066
-0.403299	-0.28016	0.871126
-0.985453	0.0639858	0.157445
