-0.324728	-0.942725	-0.0762982
-0.103701	-0.813013	-0.572936
-0.420936	0.889011	0.180203
-0.0956291	0.129369	0.986974
0.344764	-0.196225	0.917951
-0.0645857	0.509331	0.858144
-0.234929	0.103162	0.966523
-0.36618	-0.330729	0.869788
0.214219	0.359623	0.908175
-0.310488	-0.212197	0.92659
-0.214913	0.110388	0.970375
0.188731	0.0344632	0.981424
0.0825665	-0.624481	0.776664
-0.0620306	0.0968597	0.993363
-0.300504	-0.615493	0.728605
0.841175	-0.135609	0.523484
0.782948	-0.0891032	0.615673
0.478985	0.229965	0.847166
-0.126367	-0.0675393	0.989682
0.691912	-0.720207	-0.0505902
0.772731	0.529965	0.34932
0.11427	0.559598	0.820848
-0.451847	-0.0038706	0.892087
0.865133	0.48805	0.115553
-0.381568	0.616534	0.688689
-0.239714	0.308601	0.920491
0.178026	0.0701517	0.981522
-0.284369	-0.532872	0.796983
0.495432	0.171868	0.851474
0.748959	-0.258917	0.609936
-0.110873	-0.993727	0.0146175
0.22071	-0.507188	-0.833095
-0.249627	0.288779	-0.92428
-0.925626	0.261297	-0.273752
-0.271393	0.652647	0.707388
-0.449871	-0.290834	0.844412
-0.800076	-0.113967	0.588974
-0.552747	0.769183	0.32067
-0.0251874	-0.221251	0.974892
0.226106	-0.719601	0.656544
0.767077	-0.0127761	0.641428
0.371935	0.470899	0.799949
0.364218	0.520283	0.772432
0.000800759	0.581859	0.81329
0.201269	0.0186415	0.979359
0.00802544	-0.0079039	0.999937
0.0749129	0.0772441	0.994194
0.255167	-0.694279	0.672954
0.730638	-0.307482	0.609609
0.261032	-0.284232	0.922537
-0.0271215	-0.507938	0.860966
0.776846	-0.280573	-0.563728
0.624576	-0.780079	-0.0371685
0.968102	-0.154261	0.197438
0.0577171	0.416796	0.907166
-0.223446	-0.0495693	0.973455
0.02878	0.0271701	0.999216
-0.578961	0.300048	0.75814
-0.501288	-0.216457	0.837769
0.156361	-0.374267	-0.914043
-0.0976555	0.884704	0.455809
0.0184116	0.0344459	0.999237
-0.368662	-0.227427	0.901313
-0.568143	-0.703764	0.426531
0.364699	-0.834118	-0.413814
0.641078	0.208299	-0.738668
0.022783	-0.154551	0.987722
-0.657134	-0.171542	0.733995
-0.349414	-0.542698	0.763799
-0.603568	0.088433	0.792392
0.122917	0.497658	0.85862
-0.0905382	0.0350611	0.995276
-0.285912	-0.352585	0.891032
-0.00603591	-0.117654	0.993036
0.0525728	-0.899832	0.433058
-0.0140008	-0.493384	0.869699
0.465624	-0.604673	-0.646192
0.903029	0.288121	-0.318631
0.846413	0.526879	-0.0773574
0.436752	0.366862	0.821377
0.427067	-0.228748	0.874807
-0.0917093	-0.647059	0.756904
0.23615	0.1368	0.962039
0.799009	0.231247	0.555076
-0.104856	0.209764	0.972113
0.0426939	-0.0247391	0.998782
0.281938	-0.652841	0.703072
-0.605521	-0.785535	-0.127591
-0.0129103	0.0750051	-0.9971
-0.462426	0.510049	-0.725267
0.368212	0.62279	0.690328
0.42231	0.189968	0.886322
0.435524	0.0897073	0.895696
0.62278	-0.152396	0.767412
0.0522578	-0.399559	0.915217
-0.721434	-0.667444	-0.184529
0.296521	0.600071	0.742961
-0.040179	0.197994	0.979379
0.675989	-0.292979	0.676167
-0.159314	-0.791881	0.589528
-0.481071	-0.837333	-0.2597
-0.791344	0.131485	-0.597065
-0.0460963	0.73539	0.676074
-0.0769173	-0.0690655	0.994642
-0.00263777	0.113408	0.993545
-0.431317	-0.104841	0.896088
0.512737	0.449379	0.731546
-0.221022	0.646459	0.730233
-0.360437	-0.138597	0.922429
-0.189101	0.192521	0.9629
-0.439406	-0.425497	0.791122
-0.175938	-0.979888	-0.0941582
-0.106492	-0.0947493	-0.989789
-0.327169	0.230341	-0.916463
-0.110779	0.451688	0.885272
0.652916	-0.170136	0.738074
0.669228	-0.213045	0.711861
0.452645	0.610717	0.649721
0.200113	0.517497	0.831957
-0.70419	0.505775	0.498305
0.479717	0.0334228	0.876786
0.273479	0.550487	0.788779
0.0971736	0.186949	0.977552
-0.0783777	-0.219455	0.972469
-0.929332	0.118711	0.349643
-0.592844	0.499286	0.631861
-0.136361	-0.103002	0.98529
0.440712	-0.41897	0.793874
0.822671	-0.489198	0.28965
0.824205	0.539464	-0.172234
-0.0743795	0.153266	0.985382
-0.50855	-0.667601	-0.54377
0.376501	0.551433	-0.744425
0.117232	0.993064	-0.00892164
-0.107109	0.427114	0.897832
-0.853998	-0.477358	0.20692
-0.933682	-0.0845338	0.347982
-0.956487	0.289452	-0.0367569
-0.188004	0.738177	0.647881
-0.0266618	0.0655864	0.997491
0.0817077	-0.331748	0.939823
0.369865	-0.427789	0.824741
0.475057	0.510036	-0.717066
0.308635	0.920172	0.24089
0.395109	0.200545	0.896477
0.615789	0.215905	0.757753
-0.261136	-0.603821	0.753132
-0.436714	-0.795159	0.420717
-0.496672	-0.748916	-0.438682
-0.834519	0.550949	-0.00581084
-0.298596	0.323231	0.897977
0.424756	-0.587362	0.688904
0.997977	-0.0243472	-0.05873
0.881354	0.349343	-0.318079
0.446839	0.468027	0.762421
0.122287	0.0281885	0.992094
0.486087	0.215824	0.846841
-0.887409	0.181583	0.423714
-0.0264553	-0.252339	0.967277
-0.574833	0.294903	0.763282
-0.651468	0.212459	0.72832
-0.489962	0.284236	0.824104
0.115699	-0.102114	0.988021
-0.0846292	-0.989985	-0.112991
0.787999	-0.154315	-0.596024
0.623832	0.771083	-0.127535
0.258733	0.653117	0.711684
-0.57485	-0.324785	0.751041
-0.405797	0.247305	0.879869
-0.978844	-0.173884	0.107839
0.79717	0.0730075	0.599324
-0.0338582	0.319762	0.946893
-0.974809	0.100492	-0.199121
-0.696127	0.432582	0.572957
-0.0136776	0.49226	0.870341
-0.0240538	0.283778	0.958588
0.222708	0.843781	0.488298
0.111798	-0.659243	0.743573
-0.819826	-0.241413	-0.519235
-0.314726	0.947838	0.0505036
0.374405	-0.426837	0.823184
0.410993	-0.369996	0.833179
-0.449055	0.211631	0.868079
-0.685836	-0.559515	0.465373
-0.68185	-0.430502	0.591396
-0.881236	0.0283787	0.471825
0.0745125	-0.448894	0.890473
0.513078	-0.82987	-0.219242
-0.244741	-0.522884	-0.816513
0.212491	0.458623	-0.862851
0.711447	0.645027	0.278897
-0.244884	-0.44719	0.860263
0.820038	-0.37702	0.430573
0.389155	0.663848	0.638642
0.349242	0.657033	0.668085
-0.72746	0.440131	0.52639
-0.215846	0.698128	0.682663
0.11156	0.0454406	0.992718
-0.175687	-0.190606	0.965817
-0.0767495	-0.981784	0.173811
0.408427	0.448451	-0.795034
-0.129738	0.886297	-0.444574
-0.128867	0.882482	-0.452348
-0.337034	0.787827	0.515496
-0.39063	0.508249	0.767523
-0.454537	-0.0507215	0.889283
0.927479	-0.181348	-0.326948
0.78188	0.491791	-0.383152
-0.508215	0.736208	0.446896
0.201212	0.246689	0.947976
0.285636	-0.228236	0.930764
0.639787	-0.739405	-0.209647
0.433479	0.854272	0.286907
0.166159	0.195876	0.966449
-0.656999	-0.101675	0.747003
0.018335	0.298353	0.954279
-0.00202708	0.000468995	0.999998
0.972923	-0.156577	0.170016
-0.371056	0.0297598	0.928134
-0.109405	0.0754099	0.991133
-0.0967181	0.120324	0.988012
-0.0431028	-0.295333	0.954422
-0.502693	0.367379	0.782516
-0.394476	-0.724564	0.565151
-0.865069	-0.467364	0.182281
-0.941939	-0.201772	-0.268402
-0.334992	0.886984	0.317866
0.245773	-0.266583	0.931949
0.210129	-0.896367	-0.390348
0.716592	0.0825106	-0.692595
0.704763	0.475383	-0.526612
-0.554177	0.83236	0.00803912
0.104575	0.527468	0.843114
0.319857	-0.0316526	0.946937
0.0366281	0.0918313	0.995101
-0.879403	-0.295538	0.37324
-0.887246	-0.20645	-0.412519
-0.815188	0.557832	-0.155857
-0.391415	0.51627	0.761747
-0.022821	0.326249	0.945008
-0.262181	-0.351282	0.898811
-0.260936	-0.67442	0.690702
-0.52569	-0.643104	0.556837
-0.386008	-0.732544	-0.560694
-0.640186	0.767671	0.0290506
-0.251318	0.121942	0.960192
0.0402429	-0.456703	0.888708
0.178827	-0.98382	0.0109443
0.926187	-0.223728	-0.303517
0.736154	0.301409	0.605995
-0.355922	0.597762	0.718332
-0.377367	0.266016	0.887034
0.158056	0.162271	0.974005
0.155705	-0.364795	0.917976
0.598616	-0.51143	0.616522
-0.76026	0.103104	0.641385
-0.12852	0.0337531	0.991132
-0.364378	-0.262581	0.893465
-0.648813	0.62136	0.439265
-0.340808	-0.61633	0.70992
0.00967706	0.000227246	0.999953
-0.379315	-0.697153	0.608357
0.475532	-0.403826	0.781533
0.672394	-0.387703	0.630533
-0.49901	-0.855222	0.139942
-0.302219	-0.569292	-0.764572
-0.640388	0.64297	-0.42011
-0.135308	0.476686	0.868598
0.990367	-0.107328	0.0874812
0.910861	-0.339526	0.234638
0.193576	0.704472	0.682823
-0.000665972	-0.0688032	0.99763
-0.454816	0.261435	0.851348
-0.128911	-0.147243	0.980664
0.394997	-0.0383588	0.917881
0.198889	-0.0989228	0.975017
0.215527	0.0342681	0.975896
0.285025	-0.481396	0.828866
-0.266363	-0.928709	-0.257974
-0.800863	0.525102	-0.2879
-0.345051	0.508514	0.788894
0.0831668	-0.430094	0.898945
0.264624	-0.432249	0.862053
0.627425	-0.771537	0.105208
0.283118	-0.546629	-0.788061
-0.423279	0.884327	-0.196978
-0.339482	0.51001	0.790343
0.357836	-0.0693834	0.931203
0.793987	0.1218	0.595608
0.945939	-0.312034	0.0885118
0.862071	0.50582	-0.0313084
-0.0372819	0.303182	0.952203
-0.0488739	-0.312656	0.948608
-0.450644	-0.102901	0.886753
-0.845471	-0.122344	0.519818
-0.611937	0.0845323	0.786376
-0.0936495	-0.394479	0.91412
0.842468	-0.453612	0.290661
0.752473	0.649812	0.107372
-0.103347	0.491183	0.864904
-0.113051	-0.13934	0.98377
-0.574021	-0.104114	0.812195
-0.378173	-0.197242	0.904478
-0.0759282	-0.175997	0.981458
0.0477082	-0.800579	-0.597324
0.324795	0.636573	-0.699487
0.469969	0.28231	0.836319
0.513967	-0.358273	0.779409
0.16614	0.516742	0.839866
0.0287027	-0.0150325	0.999475
0.316564	-0.755895	-0.57307
0.135814	0.980887	0.139338
0.384983	0.106038	0.916812
0.557072	0.097546	0.824715
-0.53957	0.117076	0.833761
-0.712082	0.551992	0.433871
0.544134	-0.0861003	0.834569
0.994453	0.0732493	-0.0754808
0.555815	-0.231426	0.798443
-0.25866	-0.924673	-0.279419
-0.899335	-0.339176	0.275965
-0.352106	0.879717	0.319561
0.146638	-0.15938	0.976266
-0.806495	-0.262881	0.529583
0.614316	-0.778908	-0.12617
-0.0664939	-0.0318734	-0.997278
0.0752392	0.955717	-0.284506
0.0459603	0.90275	0.427704
-0.114886	0.195625	0.973926
-0.531973	0.55288	0.641349
-0.42931	0.249081	0.868131
-0.52435	0.119733	0.843043
-0.424723	-0.706397	0.566228
-0.551284	-0.678164	-0.485983
-0.118457	-0.0149098	-0.992847
0.0785222	0.99453	0.0688849
-0.25672	0.221344	0.940799
0.273057	-0.0159583	0.961866
0.0203524	-0.0017933	0.999791
0.049288	-0.166884	0.984744
-0.444797	-0.833674	0.327328
-0.782386	0.622145	-0.0284282
0.000135928	0.886057	0.463576
0.148199	0.00153336	0.988956
-0.219388	-0.495982	0.840161
0.445023	-0.366539	0.81707
-0.725052	-0.399589	0.560917
-0.573298	0.565616	0.592797
-0.176778	-0.203109	0.963066
0.834822	0.377016	0.401163
0.152995	-0.0159492	0.988098
0.305979	-0.120848	0.944337
0.522382	-0.839513	-0.149452
-0.00957161	-0.0238561	-0.99967
0.974408	0.195556	0.110842
-0.465745	-0.0269002	0.88451
-0.0642553	-0.0177022	0.997776
0.00564564	0.0483061	0.998817
-0.22933	0.719118	0.655955
-0.0742557	-0.0751956	0.9944
-0.385208	-0.898319	-0.211278
0.160303	0.172429	-0.97189
-0.383847	0.854954	-0.348877
-0.100653	0.087744	0.991045
0.036568	-0.456049	0.889203
-0.295634	-0.0867399	0.951355
-0.25419	-0.116966	0.960055
0.049426	0.150702	0.987343
-0.320573	-0.572139	0.754911
-0.414968	-0.584368	0.697363
-0.717563	-0.334326	0.611007
-0.518854	0.14824	0.841912
-0.317033	0.783821	0.533961
0.114129	0.270317	0.955983
0.932281	0.250835	0.260643
-0.126364	0.938958	0.319985
-0.771421	0.0487488	0.634455
-0.758669	0.57247	0.310966
-0.399955	0.868617	0.292473
-0.286428	0.779931	0.556477
-0.128782	-0.0654589	0.98951
0.105464	-0.815801	0.568636
-0.677359	-0.180468	0.713173
-0.614682	0.686948	0.387646
-0.300999	-0.21049	0.930104
-0.121869	-0.814819	0.566762
0.341569	0.627538	0.699662
-0.215862	-0.607946	0.764071
-0.419664	-0.906558	-0.0451095
-0.515716	-0.39228	-0.761678
-0.0140598	0.658743	-0.752237
0.352005	0.458663	0.815917
0.165197	0.0145097	0.986154
0.237816	-0.32244	0.916229
0.129813	-0.244686	0.960873
-0.13494	-0.207395	0.968906
-0.731981	-0.46105	-0.501634
-0.6932	-0.575097	-0.43444
-0.495423	0.648443	0.577995
0.212402	0.399947	0.891587
0.0634896	0.0625051	0.996023
0.443612	-0.28502	0.84969
0.64777	-0.565132	0.510901
0.136824	0.610648	0.779992
-0.0189865	-0.500673	0.865428
0.0378759	0.107902	0.99344
0.129195	-0.0780711	0.988541
-0.0864526	0.0368942	0.995573
0.0275453	-0.83547	0.548846
0.865243	0.354603	-0.354417
0.300744	0.628627	0.717204
-0.382557	-0.477434	0.791016
-0.846864	-0.127109	0.516397
-0.889115	-0.455002	-0.0494655
-0.669884	0.375157	0.640713
-0.0276533	0.483908	0.874682
0.203859	-0.187503	0.960877
0.438058	0.0207866	0.898707
-0.390414	-0.123484	0.91232
-0.371613	0.121777	0.920366
0.250961	-0.629826	0.735077
0.173507	-0.862604	0.475195
-0.752075	0.621103	0.220487
-0.327808	-0.19609	0.92417
-0.608982	-0.410749	0.678547
-0.868685	-0.492805	-0.0502993
-0.705749	0.706831	0.0480493
0.302616	0.530554	0.791793
0.363648	-0.301616	0.881356
0.572325	0.342182	0.745222
0.0242723	0.289031	0.957012
-0.631706	0.190119	0.751533
-0.807331	0.0132472	0.58995
0.0614943	-0.04779	0.996963
0.793312	-0.439013	0.42181
0.882556	0.286353	0.372957
0.530209	0.289222	0.797013
-0.279608	-0.328716	0.902089
0.161437	-0.0180333	0.986718
0.337333	0.0369287	0.940661
0.963707	-0.0739361	0.256521
0.504624	-0.187975	0.842627
-0.442442	-0.257847	0.85893
-0.030463	0.126182	0.991539
0.280875	-0.959106	-0.0350033
-0.0443221	0.0755747	-0.996155
0.250121	0.967176	-0.0448311
0.176753	0.221052	0.959111
-0.40089	0.0468832	0.914926
-0.609329	0.567564	0.553705
-0.316602	0.207727	0.925534
-0.623821	0.701128	0.345351
0.527036	-0.288807	0.799264
-0.763363	-0.341242	0.548481
0.00497868	-0.0193659	0.9998
0.219509	-0.129544	0.966972
-0.172796	0.774635	0.608343
-0.903093	-0.0520684	0.426276
-0.555588	0.210336	0.804413
-0.0714785	0.110869	0.991261
-0.0151844	-0.140977	0.989896
0.266614	-0.0852859	0.960022
-0.46501	-0.00131277	0.885304
0.337554	-0.621326	0.707115
0.34709	0.926183	-0.147354
-0.134733	0.990274	-0.03471
0.507638	0.360304	0.782614
0.32381	0.165011	0.931621
-0.272163	0.511839	0.81483
0.215788	-0.746839	0.62902
-0.553258	-0.802314	-0.22405
-0.722648	-0.52874	-0.445212
-0.515756	0.832188	0.203613
0.173415	0.381122	0.908115
0.0516675	-0.0928556	0.994338
0.390225	0.0869634	0.916603
0.721905	0.320258	0.613423
0.796635	0.0937401	0.597148
0.0414587	-0.857076	0.51352
-0.610385	-0.536407	0.582835
-0.0199292	-0.99584	-0.0889076
-0.509566	0.514012	-0.690025
-0.403735	0.844352	0.352234
-0.140228	0.284835	0.948264
0.0600502	-0.351224	0.934364
0.398107	0.221921	0.890091
0.0165343	0.356961	0.933973
-0.389064	0.0711086	0.918462
-0.24463	-0.591124	0.768589
-0.0149597	-0.0168384	0.999746
0.459861	0.0504781	0.886555
0.662697	-0.285446	0.692353
0.0594913	0.0394528	0.997449
0.280617	-0.14056	0.949472
0.0962821	0.0203997	0.995145
0.428841	-0.55213	0.715015
0.0746953	-0.594697	0.800472
0.135642	-0.230839	0.963491
-0.397033	-0.396443	0.827767
-0.185518	-0.977433	-0.101034
0.490161	-0.692203	-0.529714
-0.364681	0.15615	-0.917946
-0.157083	0.898957	0.408903
0.610831	-0.352574	0.708926
0.0616564	0.384525	0.921053
0.0959054	0.0106003	0.995334
-0.572221	-0.499383	0.650523
-0.460368	-0.0429078	0.88669
0.0501156	-0.322944	0.94509
0.293942	-0.343135	0.892108
0.769555	-0.408758	0.490614
0.951141	-0.308156	-0.0192792
0.877918	0.188812	0.440011
0.900219	0.0857256	-0.426916
-0.00113092	-0.00133237	0.999998
-0.00703672	0.0102073	0.999923
-0.481438	-0.395257	0.782297
-0.527104	-0.747689	0.403884
-0.188358	0.54476	0.817165
0.209296	-0.432035	0.877235
0.515181	-0.0600255	0.854977
0.583382	-0.0467372	0.810852
0.372156	-0.00526623	0.928155
0.439438	0.00257619	0.898269
0.192906	0.0259542	0.980874
0.095579	-0.955788	0.27809
0.899499	-0.41437	-0.138561
0.651971	0.178959	-0.736823
0.718604	0.692235	-0.0664806
0.647233	0.396736	0.650915
0.225402	-0.889896	0.396584
0.821412	-0.199716	0.534225
0.392057	0.907677	-0.149713
0.1181	0.448855	0.885766
-0.408998	0.142354	0.901364
-0.631001	-0.460196	0.624546
-0.874013	-0.45905	-0.159292
-0.788736	0.604555	0.111389
-0.330859	0.658312	0.676134
0.684816	0.292688	0.667354
0.734644	0.519126	0.436813
-0.0545438	0.231298	0.971353
-0.360156	0.469859	0.805928
-0.041635	0.145343	0.988505
0.153918	-0.569279	0.807608
0.2618	-0.700097	0.664323
0.510529	-0.845927	-0.154163
-0.245806	-0.583534	-0.773995
0.0804428	-0.508874	-0.857074
-0.0751279	0.0333139	-0.996617
0.87082	0.485884	0.074755
0.154711	0.0145032	0.987853
-0.376219	0.082897	0.922815
0.0987026	-0.0240372	0.994827
-0.0568071	0.287339	0.956143
-0.0431141	-0.87277	0.486224
0.844738	-0.513915	-0.14936
0.668091	0.706325	0.234009
0.526353	0.269468	0.806436
-0.0252065	-0.0791577	0.996543
-0.0477268	-0.444415	0.894549
-0.561166	-0.796596	0.224783
-0.541174	-0.367798	-0.756211
0.617975	0.234833	-0.750307
0.484064	0.831123	0.273708
0.921399	-0.191748	0.33802
0.289975	0.744762	-0.601036
0.0511003	0.985662	0.160808
-0.239889	0.658423	0.713395
0.0464429	-0.010756	0.998863
-0.254943	0.281735	0.925002
-0.329706	-0.66945	0.665681
-0.312676	-0.245568	0.917568
-0.0556254	0.243911	0.968201
0.304745	-0.6148	0.727428
0.939505	-0.1068	0.325461
0.827597	0.411445	-0.381833
0.296844	0.925921	0.233568
0.0937382	0.629281	0.771504
-0.0296605	0.23544	0.971436
-0.32594	-0.0779038	0.942175
-0.0814098	-0.601217	0.794928
-0.157365	-0.926776	-0.341061
-0.301346	0.0731853	-0.950702
-0.713394	0.0656738	0.697679
-0.972155	0.0849283	-0.218406
-0.115436	0.677072	-0.726806
-0.347527	0.918535	0.188463
-0.101505	0.0816966	0.991475
0.536105	0.249059	0.806573
0.595834	-0.238803	0.766783
0.408182	-0.207036	0.889114
-0.43806	-0.707842	-0.554133
0.0764644	0.84774	-0.524872
0.464936	0.885344	0.000329964
0.0341411	0.112691	0.993043
-0.330464	0.117438	0.936484
-0.646121	-0.387457	0.657575
-0.473189	-0.821016	0.319415
-0.341287	-0.155308	-0.92704
0.0900335	0.572793	-0.81474
0.693933	0.680097	-0.236484
0.0320454	0.890242	0.454359
-0.364811	0.155516	0.918002
-0.0805957	0.365742	0.92722
0.240783	-0.248269	0.938289
-0.112739	0.322122	0.939961
-0.048009	0.0394115	0.998069
-0.0642427	-0.113875	0.991416
-0.321143	-0.679004	0.660167
0.40096	-0.634734	-0.660563
0.769608	0.215368	-0.601099
-0.357024	0.915758	0.184176
0.0833906	0.902227	0.423122
-0.010948	0.223006	0.974756
0.410154	0.394192	0.822427
0.212385	0.0840241	0.973567
0.15247	-0.178549	0.972046
-0.32661	-0.85735	0.39784
-0.787374	-0.347016	0.509531
-0.105696	0.0209314	0.994178
-0.0722366	-0.0615848	0.995484
-0.557499	0.524031	0.643883
-0.793707	0.416712	0.443149
0.0400636	-0.00969745	0.99915
0.529319	-0.112897	0.840878
0.463122	-0.265731	0.845521
0.269614	-0.123663	0.954995
-0.958498	-0.195404	0.207603
-0.757234	-0.580058	-0.300216
0.15063	0.537202	-0.829894
0.433969	0.205465	0.877186
0.51933	0.0961337	0.849149
-0.388345	-0.160915	0.907356
-0.121106	-0.363189	0.923811
-0.368784	-0.646629	0.667735
-0.96956	-0.128974	-0.208132
-0.693838	0.621506	0.363756
0.386642	0.200772	0.90011
-0.303447	-0.0336701	0.952253
0.267436	0.187484	0.94516
0.103943	-0.278385	0.954828
0.746551	0.032147	0.664551
0.31257	0.194205	0.92983
0.431943	-0.0563066	0.900141
-0.370835	-0.763966	0.528051
-0.498429	-0.157379	-0.852526
-0.750521	0.301001	-0.588317
-0.153268	0.119133	0.980977
-0.0585928	0.322543	0.94474
0.558829	-0.619121	0.551724
0.602874	0.200428	0.772251
0.836451	0.261387	0.481692
0.428062	0.140902	0.892698
0.0980953	-0.293096	0.951037
-0.0329047	-0.721944	0.691169
0.0873487	-0.744902	0.661432
0.963233	0.254557	0.0859199
0.156873	0.757931	0.633192
-0.381752	0.696446	0.607642
-0.109031	0.428358	0.897007
0.948408	0.147688	0.280553
0.921027	-0.0305981	0.388296
0.835435	0.170662	0.522419
-0.140796	-0.00849393	0.990002
-0.270086	-0.530113	0.803762
-0.626851	-0.00877115	-0.779089
0.233321	0.873916	-0.426417
0.17242	0.746472	0.64269
0.0584209	-0.181601	0.981635
0.833884	-0.547036	-0.0734085
-0.564273	0.774801	0.285096
-0.683856	0.42144	0.595591
-0.0267345	0.236469	0.971271
0.0197933	-0.366871	0.930061
0.0517608	-0.495964	0.866799
0.367451	-0.902701	0.223855
0.728708	-0.641387	0.240015
0.776299	-0.409437	-0.479292
0.720191	0.690714	0.065105
-0.060024	0.00289115	0.998193
0.0251335	-0.787881	0.615314
-0.847624	-0.357827	0.391783
-0.595028	0.262659	0.759573
0.356196	0.166439	0.919469
0.0770129	-0.0241928	0.996737
0.620708	-0.556008	0.55279
0.421337	-0.763785	-0.488986
0.603163	0.509373	-0.613786
-0.0291537	0.654634	0.755384
0.434646	-0.462924	0.772518
-0.0206153	-0.485051	0.874243
0.585669	-0.81052	0.00698452
0.285526	0.108348	-0.952227
-0.193476	0.883152	0.427329
0.124785	0.114594	0.985544
0.317251	-0.822098	0.472766
0.678377	-0.211911	-0.70349
0.197476	0.902413	-0.382954
-0.0529177	0.532917	0.844512
0.602173	-0.0236997	0.798014
-0.596001	-0.449988	0.665051
-0.986908	0.141815	0.0768131
-0.21631	0.966068	-0.141145
0.293139	0.802372	0.519873
0.525864	-0.550834	0.648112
0.121036	-0.0929281	-0.988289
0.0277005	-0.223402	0.974333
-0.0588569	0.151269	0.986739
-0.181246	0.331219	0.925983
-0.0238165	0.114767	0.993107
-0.248954	-0.0607769	0.966607
-0.375226	-0.78385	0.494757
-0.0732877	-0.853133	0.51652
0.224066	-0.72051	-0.656246
0.416611	0.859929	-0.294885
0.254568	0.408932	0.876339
-0.558014	-0.402952	0.725431
-0.169782	-0.327753	0.929383
0.400146	-0.208188	0.892491
0.747608	0.596128	0.292769
0.614174	-0.32059	0.721119
0.662472	-0.739747	0.117921
0.567668	-0.472958	-0.673842
-0.159809	0.73212	-0.662165
0.159796	0.190357	0.968623
0.118216	-0.208096	0.970938
0.640681	-0.752976	0.150185
-0.0197943	-0.733498	-0.679404
-0.793958	0.545586	-0.268267
-0.0286119	0.26775	0.963063
-0.299679	0.00242194	0.954037
0.206566	-0.934709	0.289223
-0.000444951	-0.131397	-0.99133
-0.707548	0.595243	-0.380871
0.240958	0.125338	0.962408
0.581036	-0.161838	0.797625
0.178745	-0.425619	0.887073
-0.764827	-0.35952	0.534588
-0.677733	0.0813058	0.730799
0.0665565	0.177035	0.981951
0.193781	-0.939729	0.281707
-0.233183	-0.411566	-0.881044
0.170257	0.0782711	-0.982286
0.664257	0.515579	0.54124
-0.0179735	0.690326	0.723275
0.00720382	0.619041	0.785326
0.0091724	0.025537	0.999632
-0.280619	0.23941	0.929481
-0.346546	-0.774119	0.52976
-0.777575	-0.572773	-0.259438
0.0993453	0.677453	-0.728826
0.316524	0.729204	0.606691
0.400282	-0.43989	0.803909
-0.0873642	-0.0214504	0.995945
0.522571	-0.258747	0.812385
-0.649508	0.0312289	0.759714
0.147163	-0.0291611	0.988682
-0.133416	-0.632759	-0.762768
-0.492422	0.635957	-0.594205
-0.363375	0.509689	0.779857
-0.286729	-0.582511	0.76057
-0.0409877	-0.973774	-0.223797
0.0245925	-0.94779	-0.317945
-0.658402	-0.749221	-0.0719321
-0.922656	0.236784	0.304368
-0.640576	0.476857	0.601889
0.0240373	0.0379314	0.998991
-0.246245	-0.944563	0.217172
-0.832596	0.494654	0.2492
-0.0757093	-0.340902	0.937045
0.380229	-0.820071	0.427679
0.745689	0.534425	0.397918
0.243054	0.218284	0.945133
-0.487459	-0.101961	0.867172
0.0329191	0.00141777	0.999457
0.123249	-0.350977	0.928238
-0.393543	-0.808408	0.437721
-0.93214	-0.220251	-0.287409
-0.82002	-0.000967855	-0.572335
-0.2926	0.949536	-0.11299
0.322023	0.325964	0.888847
0.145963	0.465032	0.873178
0.250864	-0.116981	0.960928
-0.00890591	-0.0141732	0.99986
0.222925	-0.485926	0.845092
-0.629759	-0.715644	0.302088
-0.909769	0.154654	0.385232
-0.198062	0.0282113	0.979783
0.872705	0.485576	-0.0510143
0.815889	0.0545841	0.575626
0.452397	0.289363	0.843568
0.112398	-0.243914	0.963261
-0.769084	-0.543421	0.336458
-0.72694	0.64561	0.233977
-0.00122357	0.282306	0.959324
-0.233701	0.0991488	0.96724
-0.608084	-0.0439235	0.792657
-0.640007	-0.74613	0.183523
-0.636216	-0.614902	-0.465966
-0.911179	-0.265629	0.314951
-0.0606305	0.894534	0.442868
0.0212606	0.514093	0.857471
0.470492	-0.208692	0.857371
0.51482	-0.511742	0.687808
-0.00301203	0.483388	0.875401
0.355312	-0.568922	0.741675
0.60853	-0.669834	0.425458
0.863626	0.504055	-0.00881421
0.510067	0.480324	0.713527
-0.015017	-0.791583	0.610877
0.808448	0.368358	0.459047
0.621665	0.520225	0.585576
-0.660847	-0.350167	0.663826
-0.782346	0.365813	0.504099
-0.477598	-0.142173	0.866999
-0.408627	0.537763	0.737451
0.808057	0.0695914	0.58498
-0.16428	0.220868	0.961368
0.887504	-0.338431	0.312733
0.982112	0.0314232	0.185659
0.276465	-0.454031	0.847008
-0.887665	-0.295253	0.35338
-0.114756	-0.138196	0.983734
0.206625	-0.184768	0.960816
-0.399656	-0.598468	-0.694342
-0.266837	0.365833	-0.891608
0.305159	0.929599	0.206697
0.574335	0.661204	0.482648
-0.152944	-0.0526243	0.986833
0.259053	-0.0344022	0.96525
0.633258	-0.204213	0.746513
0.567969	0.119195	0.814374
0.144207	0.314781	0.938146
0.311629	0.162512	0.936204
-0.0255546	-0.0902271	0.995593
-0.399412	0.303691	0.86501
-0.159968	0.0453332	0.986081
0.0339938	-0.0128601	0.999339
0.0560495	-0.705364	0.706626
-0.0360348	0.0269265	0.998988
-0.251738	-0.181521	0.95062
-0.114403	-0.830224	0.545564
0.503838	-0.39473	-0.768333
-0.368578	0.542433	-0.754928
-0.376518	0.424718	0.823316
-0.294637	-0.940744	0.167901
0.307204	0.347827	-0.8858
-0.352079	0.72103	-0.596789
-0.192441	0.458661	0.867523
0.222013	0.0681051	0.972662
0.899263	-0.227402	0.37365
0.526556	-0.329435	0.783716
0.795377	-0.479936	-0.370186
-0.500206	0.62359	0.600774
-0.16255	-0.654327	0.738535
0.952046	-0.305557	-0.0155939
0.929528	-0.127104	0.346155
0.255877	0.0972658	0.961804
-0.0224798	0.399211	0.916583
-0.452878	0.175938	0.874041
-0.399115	0.00868367	0.91686
-0.892263	-0.423675	0.156095
0.132112	0.988162	0.0779888
-0.146907	0.937674	0.314939
-0.149729	0.0990911	0.983749
0.54548	-0.331948	0.769586
0.872195	-0.486261	0.0531587
0.705729	0.489422	-0.512262
0.0269576	0.468852	0.882865
-0.365616	-0.104114	0.924924
0.118582	-0.306262	0.944533
-0.0158078	-0.242659	0.969983
0.0465197	-0.220168	0.974352
-0.578302	0.2704	0.769708
-0.759364	-0.35267	0.5468
0.0914073	0.470681	0.877556
0.467603	0.20456	0.859944
-0.270545	-0.163487	0.948724
-0.825795	-0.456767	-0.330796
-0.344389	0.496125	-0.79703
-0.131682	0.528897	0.838408
-0.512452	-0.775067	0.369683
-0.706913	0.646105	-0.28779
-0.634228	0.166082	0.755097
0.0172606	-0.118099	0.992852
0.813504	-0.344524	0.468523
0.890603	-0.241532	0.385343
0.671269	-0.265695	-0.691957
0.803632	0.18559	-0.565449
0.391068	0.246249	0.886807
0.102827	-0.270803	0.957127
-0.0708952	-0.846088	-0.528308
0.790194	-0.231677	-0.567379
0.771233	0.352877	0.52979
0.0674536	-0.0474812	0.996592
0.504613	-0.344482	0.791642
-0.243961	0.0981478	0.964806
-0.367157	0.582919	0.724845
-0.918218	0.257667	-0.300806
-0.159488	0.897033	0.412184
-0.144374	0.0817939	0.986137
-0.0155522	-0.654879	0.755574
-0.0951604	-0.985852	-0.137984
-0.794548	0.396934	-0.459497
-0.1658	0.875262	0.454342
-0.19028	-0.0261837	0.981381
-0.526221	-0.00231508	0.850344
-0.633128	-0.619124	0.46458
-0.307211	0.479353	0.822096
0.206994	0.00856332	0.978305
-0.233806	-0.885803	0.400859
0.97172	0.16361	0.17027
0.192996	0.864642	0.463838
0.457695	0.0024875	0.889106
-0.868424	0.295632	0.398048
-0.681064	-0.131791	0.720266
-0.0639224	-0.324327	0.943783
-0.0208723	-0.526733	0.849774
-0.977037	-0.000389454	0.213068
-0.553591	0.206034	0.8069
0.247996	-0.640521	0.726795
-0.686173	-0.710434	0.156364
0.0517798	0.253351	-0.965988
-0.397936	0.698974	-0.594207
-0.610471	0.523933	-0.593986
-0.35969	0.310825	0.879779
-0.597357	-0.59991	0.532233
-0.0207972	-0.999481	0.0246071
-0.678052	-0.646169	-0.350303
-0.692367	0.721204	-0.0221899
-0.125148	0.285453	0.950187
0.421062	-0.622878	0.659341
0.328324	0.369196	0.869424
-0.2859	-0.216634	0.933451
-0.27333	-0.853227	0.444177
-0.47612	0.419323	0.772967
-0.643954	-0.289606	0.708133
0.463823	-0.862853	-0.200878
-0.540165	0.684671	-0.489333
-0.655724	0.530549	0.537162
-0.524213	0.850989	-0.0319096
-0.130101	0.672467	0.728602
-0.109993	-0.230388	0.966863
-0.0485839	-0.103127	0.993481
0.217062	-0.7817	0.584662
0.549026	0.0476564	0.834445
-0.442446	-0.745712	0.498152
0.967886	0.0359871	-0.248801
0.720229	0.663107	0.203862
0.736135	0.568605	0.367143
-0.22965	0.17521	0.957373
-0.39082	0.399263	0.829367
0.0495388	-0.389846	0.919546
-0.594541	0.182571	0.783064
-0.382443	-0.0538568	0.922408
-0.0177991	-0.668008	0.743941
0.227951	-0.967537	-0.109135
-0.258652	-0.226002	0.93916
-0.609661	0.458508	-0.646594
-0.970396	0.0850852	0.226037
-0.0997428	-0.0339347	0.994434
-0.0560928	0.280004	0.958359
-0.531746	0.0756174	0.843521
-0.430792	-0.330527	0.839744
-0.920063	0.385264	0.0711019
-0.798913	0.460719	0.386622
0.0880796	0.157503	0.983583
0.0726078	-0.900948	0.427809
0.60089	-0.67766	0.42392
0.279591	0.340777	0.897608
-0.0744806	0.210739	0.974701
-0.510478	0.543955	0.665976
-0.389241	-0.401077	0.829234
-0.599095	-0.792134	0.116661
-0.990355	0.0261668	0.136059
-0.0529829	0.900482	0.431654
-0.593617	0.418053	0.687641
-0.332593	0.621874	0.708981
0.47177	-0.35873	0.805448
0.464952	-0.445219	0.765245
0.688974	-0.506133	0.518792
-0.248544	-0.670281	0.699249
-0.299418	-0.0958972	0.949291
-0.16173	-0.97126	0.174637
-0.350496	-0.0805766	-0.933092
-0.588894	0.627209	-0.509717
0.0561509	0.728839	0.682379
0.42998	-0.0237125	0.902527
-0.00989397	0.0711333	0.997418
0.149744	0.0588619	0.986971
-0.27358	0.348325	0.896562
0.0779532	0.149194	0.98573
-0.48491	-0.624114	0.612653
0.0719659	0.30943	0.948195
-0.541132	0.445501	0.713235
-0.228462	-0.103216	0.968066
0.672176	-0.0886893	0.73506
-0.112346	-0.127259	0.985486
0.721879	-0.166452	0.671703
-0.0553165	-0.0265615	0.998116
-0.54339	0.133176	0.828849
-0.0506885	-0.0312081	0.998227
-0.0201741	-0.0516229	0.998463
-0.188898	-0.684614	0.704003
-0.348937	-0.668535	0.656737
0.349518	-0.00546967	-0.936914
0.0391784	0.998384	0.0411623
0.0340178	-0.0360016	0.998773
0.182294	0.314809	0.931485
-0.668184	0.505597	0.545804
0.155774	0.461998	0.873094
-0.0387099	0.731333	0.680922
-0.183798	0.613395	0.768092
-0.27363	-0.020793	0.96161
0.879088	-0.0526754	0.47374
0.887999	-0.45982	0.0048456
0.574225	0.770095	0.277884
-0.254896	0.117019	0.959862
-0.04943	-0.115818	0.99204
-0.84197	-0.494124	-0.216627
-0.958565	-0.261127	-0.113871
-0.858353	0.293282	0.420971
-0.628381	0.280315	0.725645
-0.231846	-0.869385	0.436368
0.966782	0.223504	-0.124007
0.784649	0.0720141	0.615743
0.187505	0.119785	0.974933
0.164914	-0.0881121	0.982364
-0.195024	0.0115907	0.98073
0.288928	0.723399	0.627068
-0.283332	0.25915	0.923344
0.0363798	-0.0657796	0.997171
0.210126	-0.558668	0.802333
-0.217202	-0.536849	0.81524
-0.0652479	0.994009	-0.0876859
0.225286	0.247632	0.942298
-0.276084	0.369048	0.887458
0.269771	-0.630884	0.727468
-0.300906	-0.0614228	0.951674
-0.526517	-0.767542	0.365595
-0.422971	-0.303026	0.853974
-0.609584	-0.200022	-0.767072
0.735327	0.57146	0.364318
-0.0309873	0.495217	0.868216
-0.0117413	-0.0177663	0.999773
-0.452397	0.0957415	0.886662
0.766999	-0.331966	0.549101
-0.708367	0.266571	0.653572
-0.0535899	-0.057522	0.996905
-0.575231	-0.305401	0.758841
-0.369744	-0.802068	-0.469016
0.38839	0.119684	-0.91369
0.381433	0.890033	-0.249699
-0.208092	0.687382	0.695848
0.123292	0.680298	0.722491
0.0632197	-0.210463	0.975555
-0.33021	-0.348367	0.877269
-0.275794	-0.226142	0.934236
-0.0928529	-0.305331	0.947708
0.639399	-0.250108	-0.727059
0.0715838	-0.00448239	-0.997425
0.154769	0.66585	-0.729856
0.124345	0.660108	0.740807
0.909089	-0.194206	0.368567
0.217339	-0.284626	0.933677
0.303231	0.2975	0.905287
0.0616511	-0.27829	0.958516
0.690046	-0.104999	0.716108
0.227388	-0.38609	0.893997
-0.558958	-0.288551	0.77737
-0.709837	0.0711581	0.700762
-0.192328	0.18258	0.964196
0.257165	-0.287229	0.922695
0.48707	-0.863726	0.129388
0.615675	0.366888	0.697379
-0.333492	-0.044569	0.941699
0.22747	-0.505131	0.832526
-0.793466	-0.0148449	-0.608434
0.535616	0.837936	0.104781
0.107079	0.956311	-0.272036
0.34992	-0.116312	0.929531
0.886627	-0.244043	0.392856
0.0427978	0.565413	0.823697
-0.162684	-0.0223507	0.986425
0.768345	-0.259907	0.584888
-0.0715884	-0.0266854	0.997077
-0.779503	-0.522811	0.345027
-0.642046	0.7361	0.214323
-0.609904	0.344441	0.713707
0.245651	0.0944988	0.964741
0.249401	-0.247898	0.936133
0.128666	0.279713	0.951423
-0.437447	-0.372507	0.818461
-0.496121	-0.06083	0.86612
-0.171182	0.0510662	0.983915
-0.735278	-0.666279	0.12425
-0.776126	-0.389314	-0.496047
-0.395613	0.847638	-0.353554
-0.0744598	0.27247	0.959279
0.223971	0.377841	0.898372
-0.0309409	-0.391857	0.919506
0.618855	-0.635341	-0.461909
0.91261	0.288453	-0.28972
0.828933	-0.553627	-0.0797942
0.972482	0.219998	0.0766849
0.505271	0.412307	0.758093
-0.0827743	0.164204	0.982947
0.386156	0.167309	0.907133
0.666833	-0.51297	0.540551
0.0623715	0.616598	0.784803
0.196176	0.700816	0.685837
-0.726361	0.191889	0.659983
-0.397105	-0.386705	0.832326
-0.966625	-0.0113357	-0.255946
-0.631035	0.772868	-0.0668626
-0.542388	-0.690249	0.478926
0.33136	-0.824394	0.458885
0.717231	-0.0743359	-0.692859
0.158623	0.884168	0.439415
-0.338813	0.0606542	0.938896
-0.261822	-0.417184	0.870291
0.709851	-0.549528	0.440602
-0.273672	-0.201698	0.940437
0.0450644	0.237439	0.970357
-0.0349156	-0.0516044	0.998057
0.542232	-0.340789	0.768015
0.874112	-0.284364	0.393782
0.809236	0.128675	0.573219
0.0517133	-0.0408072	0.997828
0.284949	-0.159382	0.945199
0.269297	-0.738753	0.617837
-0.132617	-0.757052	0.639754
-0.406429	-0.119788	0.905796
-0.470709	0.583348	0.66192
-0.509096	0.135455	0.849984
0.716985	-0.0831846	0.692107
0.118278	-0.461436	0.879254
-0.32054	-0.943579	0.0831413
0.0536119	-0.955791	-0.289119
0.475281	-0.844162	-0.247987
-0.46533	0.594215	-0.656031
-0.179288	0.123474	0.976017
0.433505	-0.536017	0.724403
0.646772	-0.488605	-0.58562
0.0928024	0.835053	-0.542286
0.0241601	0.650868	0.758806
0.109423	-0.145097	0.983348
-0.105798	-0.354248	0.929148
-0.97679	-0.106691	-0.185738
-0.790537	0.573287	-0.215391
-0.44107	-0.604343	0.663496
-0.569542	-0.623492	0.535611
-0.995526	0.0187534	-0.0926107
-0.969303	0.199631	-0.143527
-0.759727	0.635866	0.135976
0.167566	0.777993	0.605515
0.471459	0.119048	0.873816
0.949943	0.0790489	0.302258
-0.0583828	-0.0718015	0.995709
0.185307	0.338736	0.922453
0.585868	-0.300839	0.752499
0.672737	-0.224827	0.704896
0.410908	-0.845561	-0.340854
0.427648	0.0876297	-0.899688
0.156512	0.876572	0.45511
0.0133748	0.218799	0.975678
-0.781233	-0.476645	0.403094
-0.655231	0.619443	-0.432392
-0.36042	0.797703	0.483494
-0.0624717	0.119791	0.990832
0.192555	-0.0355225	0.980643
0.119366	-0.339797	0.932893
0.0970399	-0.568998	0.816593
-0.285608	-0.910494	-0.299045
-0.98634	-0.0139546	-0.164131
-0.894092	0.404151	0.193032
-0.400675	-0.0258771	0.915855
-0.323595	-0.370472	0.870653
0.116039	-0.993179	-0.0114252
0.0236489	-0.0344162	-0.999128
0.26887	0.901653	-0.338718
0.159663	0.622724	0.765978
-0.437168	0.0156351	0.899244
0.101754	-0.093073	0.990446
-0.543012	0.0858125	0.835329
-0.315676	0.0630129	0.946772
-0.217703	-0.289293	0.932156
0.531181	-0.0254424	0.846876
-0.337372	0.398002	0.853097
0.437935	0.188123	0.879103
-0.458667	-0.105254	0.882353
-0.398617	-0.0284867	0.916675
0.582312	-0.554359	0.594642
0.846095	0.0698901	-0.52843
0.743624	0.358262	0.564511
0.188903	0.426842	0.884376
0.296762	0.184832	0.936893
0.278738	-0.1838	0.942615
-0.236346	-0.924556	0.298894
-0.371278	-0.229573	-0.899694
0.710429	0.641427	0.289589
0.561232	0.610096	0.559286
-0.0809522	-0.32684	0.941606
-0.818033	0.0799855	0.569583
-0.100435	-0.078615	0.991833
0.0220551	-0.31805	0.947817
-0.835944	-0.439073	0.32926
0.660757	0.203031	0.722619
-0.421622	0.0362839	0.906045
-0.112012	0.369089	0.92262
-0.384131	-0.147508	0.911419
0.205225	0.297007	0.932561
0.276313	0.731951	0.622815
0.186772	-0.0998531	0.977315
-0.362501	-0.457686	-0.81186
-0.748657	0.579618	-0.3218
-0.151163	0.962798	0.223986
-0.226523	0.666055	0.710675
-0.252525	-0.17848	0.950987
0.246092	-0.0875485	0.965284
0.432772	0.289695	0.853689
0.481732	0.448374	0.752924
0.163092	-0.249945	0.954426
-0.0435874	-0.131722	0.990328
-0.330801	-0.248196	0.910477
0.840447	0.506821	0.191782
0.258274	-0.0565029	0.964418
0.0664258	-0.0577026	0.996121
0.0240859	-0.809671	0.58639
-0.17663	-0.548331	-0.817395
0.259556	0.183893	-0.948058
0.203765	0.795891	0.570121
0.869719	0.0556429	0.490401
0.482194	-0.201861	0.852491
-0.341367	-0.268403	0.900793
-0.551298	-0.607032	0.572348
-0.711317	0.547121	-0.441232
-0.308201	0.374786	0.874384
0.541699	-0.469258	0.697395
-0.576948	0.0813244	0.812722
0.169088	0.130085	0.976979
0.250599	0.270503	0.929531
0.00750249	0.0943896	0.995507
0.375991	-0.281612	0.882794
0.740812	-0.121054	0.660714
-0.0808958	0.496036	0.864526
0.277603	-0.377597	0.883378
0.552005	-0.231935	0.800935
0.118708	0.0647963	0.990813
0.771473	-0.354003	0.528688
-0.866385	0.127656	0.482784
-0.847084	0.333322	0.413939
0.313107	-0.031791	0.949186
-0.217788	-0.160831	0.962654
0.445765	0.0984204	0.889723
0.489917	0.228735	0.841227
0.543488	0.453967	0.70607
-0.623996	0.496893	0.603098
0.112201	0.16586	0.979746
0.641763	-0.723607	0.254035
0.94952	0.137419	0.282008
-0.000789693	0.991031	-0.133627
0.456807	-0.300098	0.837418
0.122152	-0.660319	0.740984
0.116389	-0.0910432	0.989022
-0.993162	-0.00693657	0.116538
-0.526258	0.839894	0.132781
0.0500556	0.573302	0.817813
-0.265774	-0.482435	0.834638
0.446355	-0.670697	0.592396
-0.258033	0.0560313	0.96451
-0.0205515	-0.465121	0.885008
-0.660343	-0.141807	0.737453
0.0321809	-0.81356	0.58059
0.77267	-0.0956622	0.627558
-0.205648	-0.195327	0.958935
-0.0169438	-0.0353687	0.999231
-0.224479	-0.619805	0.751965
0.347602	0.882836	0.31587
0.530355	0.0621008	0.845498
-0.104796	-0.172168	0.979477
-0.266461	0.523606	0.809219
0.659195	0.177616	0.730694
-0.364805	0.283398	0.886906
-0.233143	0.0381052	0.971696
-0.140094	0.834664	0.532645
-0.00341347	0.00177838	0.999993
-0.100536	-0.672032	0.733666
0.24652	-0.0680214	0.966748
0.591489	-0.560178	0.579949
0.827453	0.0590753	-0.558418
0.877624	0.416293	-0.237649
0.836829	0.546991	0.0227509
-0.291347	0.440138	0.84935
-0.112706	-0.155291	0.981418
